1403636581963555584 -0.00503 0.00174 -0.08087 -0.03699 0.81862 0.03462 0.57210
1403636582063555584 -0.01267 0.00532 -0.12618 -0.03469 0.82853 0.03265 0.55792
1403636582163555328 -0.01274 0.01166 -0.15798 -0.03746 0.83623 0.03600 0.54592
1403636582263555584 -0.01975 0.01517 -0.16021 -0.04191 0.84069 0.04122 0.53831
1403636582363555328 -0.01118 0.01898 -0.13386 -0.04552 0.83927 0.04297 0.54010
1403636582463555584 -0.00677 0.02087 -0.07746 -0.03912 0.83118 0.03570 0.55348
1403636582563555584 -0.00197 0.02409 -0.01086 -0.03132 0.82468 0.03182 0.56383
1403636582663555328 0.00097 0.02460 0.05753 -0.02218 0.82141 0.02780 0.56922
1403636582763555584 0.00366 0.02177 0.12399 -0.02019 0.81842 0.02289 0.57381
1403636582863555328 0.01706 0.01372 0.18893 -0.01712 0.81198 0.01398 0.58327
1403636582963555584 0.00878 0.01480 0.24728 -0.02028 0.80242 0.01142 0.59631
1403636583063555584 0.00688 0.01332 0.28544 -0.02625 0.79428 0.01504 0.60679
1403636583263555584 0.00651 0.00013 0.25861 -0.04483 0.79277 0.03149 0.60705
1403636583363555328 0.00856 0.00314 0.21008 -0.04863 0.79579 0.03484 0.60261
1403636583463555584 0.00798 0.00139 0.14802 -0.05271 0.79866 0.03951 0.59817
1403636583563555584 0.00611 0.00987 0.08315 -0.05042 0.80332 0.04183 0.59193
1403636583663555328 0.00667 0.00343 0.00838 -0.04914 0.81182 0.04211 0.58031
1403636583763555584 0.00329 0.00527 -0.05546 -0.05529 0.82466 0.03927 0.56154
1403636583863555328 -0.00062 0.00640 -0.10808 -0.05593 0.83452 0.03779 0.54683
1403636583963555584 -0.00445 0.00738 -0.14664 -0.05063 0.83889 0.04233 0.54029
1403636584063555584 -0.00900 0.00840 -0.16278 -0.05149 0.83944 0.04579 0.53907
1403636584163555328 -0.00953 0.00981 -0.15044 -0.05442 0.83964 0.04769 0.53831
1403636584263555584 -0.00613 0.00958 -0.11118 -0.05163 0.83889 0.04582 0.53990
1403636584363555328 -0.00064 0.00896 -0.05536 -0.04931 0.83688 0.04587 0.54322
1403636584463555584 0.00740 0.00616 0.01224 -0.04202 0.83401 0.04759 0.54809
1403636584563555584 0.01543 0.00407 0.08480 -0.04223 0.82747 0.04680 0.55796
1403636584663555328 0.02192 0.00158 0.15735 -0.04344 0.81680 0.04303 0.57367
1403636584763555584 0.02487 -0.00094 0.22246 -0.04249 0.80505 0.03883 0.59040
1403636584863555328 0.02404 -0.00255 0.27366 -0.04384 0.79639 0.03497 0.60217
1403636584963555584 0.02303 -0.00402 0.30432 -0.05037 0.79218 0.03244 0.60734
1403636585163555328 0.02483 -0.00492 0.27812 -0.05120 0.79648 0.02859 0.60182
1403636585263555584 0.02797 -0.00639 0.23290 -0.04478 0.80035 0.02898 0.59715
1403636585363555328 0.03116 -0.00843 0.17941 -0.03650 0.80393 0.03285 0.59269
1403636585463555584 0.03223 -0.00990 0.12469 -0.03515 0.80849 0.03777 0.58625
1403636585563555584 0.02788 -0.01067 0.07316 -0.04028 0.81479 0.04536 0.57657
1403636585663555328 0.01745 -0.01244 0.03358 -0.05081 0.82144 0.05139 0.56570
1403636585763555584 0.00570 -0.01414 0.00966 -0.06154 0.82955 0.05363 0.55243
1403636585863555328 -0.00484 -0.01487 -0.00048 -0.07170 0.83865 0.05353 0.53728
1403636585963555584 -0.01368 -0.01626 -0.00124 -0.07852 0.84881 0.05477 0.51996
1403636586063555584 -0.01750 -0.01930 -0.00059 -0.07200 0.86202 0.04973 0.49925
1403636586163555328 -0.02505 -0.01581 0.00553 -0.06333 0.87313 0.04083 0.48163
1403636586263555584 -0.03315 -0.01321 0.01038 -0.06239 0.88233 0.03746 0.46497
1403636586363555328 -0.04276 -0.01305 0.01351 -0.06314 0.89235 0.03434 0.44559
1403636586463555584 -0.05365 -0.01521 0.01527 -0.06331 0.90161 0.03299 0.42661
1403636586563555584 -0.06229 -0.02030 0.01831 -0.06285 0.90831 0.03597 0.41198
1403636586863555328 -0.05683 -0.04451 0.02646 -0.06947 0.90447 0.03841 0.41908
1403636587063555584 -0.04574 -0.04679 0.02569 -0.07164 0.90188 0.04818 0.42327
1403636587263555584 -0.03193 -0.05748 0.02448 -0.06972 0.90499 0.05158 0.41651
1403636587363555328 -0.02239 -0.07242 0.02292 -0.06817 0.90590 0.04826 0.41518
1403636587463555584 -0.01200 -0.09416 0.02123 -0.06737 0.90706 0.04392 0.41324
1403636587563555584 -0.00200 -0.12290 0.01994 -0.06743 0.90806 0.03946 0.41149
1403636587663555328 0.00873 -0.15680 0.01982 -0.06602 0.90739 0.03362 0.41372
1403636587763555584 0.02042 -0.19290 0.02089 -0.06414 0.90489 0.02538 0.42001
1403636587863555328 0.03124 -0.22877 0.01999 -0.06109 0.90375 0.01779 0.42331
1403636587963555584 0.03975 -0.26265 0.01559 -0.05557 0.90627 0.01163 0.41888
1403636588063555584 0.04606 -0.29256 0.00996 -0.04796 0.91100 0.00467 0.40959
1403636588163555328 0.05088 -0.31552 0.00437 -0.04565 0.91327 0.00262 0.40479
1403636588363555328 0.05569 -0.33803 -0.00279 -0.04825 0.91151 0.00236 0.40842
1403636588663555328 0.04388 -0.31185 0.00303 -0.04633 0.91059 0.00108 0.41071
1403636588763555584 0.03456 -0.28794 0.00568 -0.04909 0.91129 0.00418 0.40880
1403636588863555328 0.02471 -0.25807 0.00710 -0.05158 0.91215 0.00734 0.40654
1403636588963555584 0.01384 -0.22195 0.01022 -0.05522 0.91158 0.01125 0.40724
1403636589063555584 0.00148 -0.18180 0.01562 -0.05885 0.90946 0.01650 0.41127
1403636589163555328 -0.01096 -0.13914 0.02265 -0.06173 0.90698 0.02193 0.41604
1403636589263555584 -0.02364 -0.09337 0.02940 -0.06360 0.90630 0.02574 0.41703
1403636589363555328 -0.03648 -0.04619 0.03321 -0.06573 0.90743 0.03166 0.41381
1403636589563555584 -0.06045 0.04766 0.03614 -0.06766 0.90698 0.03940 0.41383
1403636589663555328 -0.07262 0.09364 0.03686 -0.06872 0.90568 0.04257 0.41618
1403636589763555584 -0.08426 0.13853 0.03589 -0.07127 0.90532 0.04589 0.41619
1403636589963555584 -0.10329 0.21296 0.02832 -0.08189 0.90837 0.05762 0.40600
1403636590063555584 -0.11042 0.23956 0.02699 -0.08835 0.90641 0.06226 0.40834
1403636590163555328 -0.11522 0.25620 0.02807 -0.09336 0.90295 0.06526 0.41437
1403636590463555584 -0.11600 0.23099 0.03268 -0.08132 0.90372 0.06250 0.41566
1403636590663555328 -0.10830 0.16338 0.03809 -0.06901 0.90259 0.05560 0.42127
1403636590863555328 -0.09205 0.07849 0.03522 -0.06432 0.90662 0.04582 0.41449
1403636590963555584 -0.08095 0.03293 0.03112 -0.06212 0.90846 0.04267 0.41112
1403636591063555584 -0.06979 -0.01297 0.02827 -0.06293 0.90809 0.04189 0.41189
1403636591163555328 -0.05763 -0.05557 0.02542 -0.06464 0.90786 0.03995 0.41233
1403636591263555584 -0.04635 -0.09435 0.02184 -0.06412 0.90887 0.03720 0.41045
1403636591363555328 -0.03701 -0.12656 0.01634 -0.06123 0.91032 0.03352 0.40798
1403636591463555584 -0.02907 -0.14965 0.00862 -0.05987 0.91082 0.02919 0.40741
1403636591663555328 -0.01080 -0.18014 -0.00638 -0.04262 0.90325 0.01293 0.42680
1403636591763555584 -0.00343 -0.18698 -0.00938 -0.03330 0.89427 0.00697 0.44623
1403636591863555328 0.00360 -0.19190 -0.00891 -0.02583 0.88546 -0.00006 0.46400
1403636591963555584 0.01101 -0.19709 -0.00807 -0.02191 0.88283 -0.00930 0.46910
1403636592063555584 0.02396 -0.20574 -0.00888 -0.01827 0.88621 -0.02054 0.46247
1403636592163555328 0.04341 -0.21680 -0.01083 -0.01401 0.88969 -0.03233 0.45521
1403636592263555584 0.06687 -0.22683 -0.01288 -0.01122 0.89385 -0.03839 0.44657
1403636592463555584 0.12457 -0.22599 -0.01370 -0.02102 0.89866 -0.03425 0.43679
1403636592563555584 0.15639 -0.21093 -0.01161 -0.03024 0.89560 -0.02134 0.44331
1403636592663555328 0.18621 -0.18677 -0.01064 -0.03868 0.89138 -0.00364 0.45159
1403636592763555584 0.21079 -0.15342 -0.01053 -0.05033 0.88932 0.01620 0.45421
1403636592863555328 0.22518 -0.10937 -0.01128 -0.06942 0.88884 0.03792 0.45135
1403636592963555584 0.22566 -0.05717 -0.01303 -0.08812 0.88926 0.06037 0.44476
1403636593063555584 0.20973 0.00039 -0.01346 -0.10546 0.88894 0.08284 0.43795
1403636593163555328 0.17920 0.05831 -0.01211 -0.12065 0.88709 0.10350 0.43336
1403636593263555584 0.13794 0.11146 -0.00989 -0.13747 0.88506 0.11463 0.42970
1403636593363555328 0.09012 0.15148 -0.00826 -0.14503 0.88546 0.12219 0.42426
1403636593463555584 0.03935 0.17337 -0.00944 -0.14420 0.88687 0.12488 0.42080
1403636593563555584 -0.01079 0.17547 -0.01312 -0.13952 0.88989 0.11826 0.41790
1403636593663555328 -0.05607 0.16285 -0.02024 -0.13319 0.89570 0.10268 0.41162
1403636593763555584 -0.09554 0.13416 -0.02713 -0.12042 0.90242 0.07931 0.40601
1403636593863555328 -0.12731 0.09236 -0.03220 -0.10096 0.90569 0.04704 0.40904
1403636593963555584 -0.15089 0.04195 -0.03349 -0.07793 0.90414 0.01162 0.41990
1403636594063555584 -0.16328 -0.01299 -0.03238 -0.05218 0.90114 -0.02200 0.42982
1403636594163555328 -0.16174 -0.06943 -0.03162 -0.03120 0.89978 -0.05211 0.43209
1403636594263555584 -0.14360 -0.12410 -0.03282 -0.01247 0.89964 -0.07300 0.43031
1403636594363555328 -0.10986 -0.17676 -0.03387 0.00348 0.89893 -0.08344 0.43006
1403636594463555584 -0.06275 -0.22456 -0.03425 0.01519 0.89573 -0.08550 0.43603
1403636594563555584 -0.00921 -0.26152 -0.03441 0.01826 0.89060 -0.08433 0.44653
1403636594663555328 0.04224 -0.27777 -0.03463 0.01493 0.88684 -0.08408 0.45412
1403636594763555584 0.08752 -0.26900 -0.03594 0.00795 0.88536 -0.07621 0.45855
1403636594863555328 0.12432 -0.23368 -0.03941 -0.00462 0.88455 -0.05677 0.46296
1403636594963555584 0.14867 -0.17436 -0.04219 -0.02030 0.88347 -0.02669 0.46728
1403636595063555584 0.15621 -0.09900 -0.04459 -0.04441 0.88261 0.00902 0.46792
1403636595163555328 0.14967 -0.02068 -0.04807 -0.06886 0.88300 0.04236 0.46237
1403636595263555584 0.13177 0.04884 -0.05110 -0.09314 0.88278 0.06987 0.45513
1403636595363555328 0.10232 0.10039 -0.05212 -0.10935 0.88209 0.09142 0.44900
1403636595463555584 0.06989 0.12622 -0.05317 -0.11732 0.88182 0.10184 0.44525
1403636595563555584 0.03781 0.12354 -0.05452 -0.11943 0.88336 0.10567 0.44074
1403636595663555328 0.00804 0.09462 -0.05699 -0.11471 0.88599 0.10387 0.43711
1403636595763555584 -0.01786 0.04703 -0.06104 -0.10098 0.88882 0.09328 0.43715
1403636595863555328 -0.04088 -0.01284 -0.06639 -0.07897 0.89142 0.07386 0.44010
1403636595963555584 -0.06337 -0.07265 -0.07207 -0.05797 0.89443 0.04873 0.44074
1403636596063555584 -0.09222 -0.12221 -0.07486 -0.03824 0.89812 0.02417 0.43742
1403636596163555328 -0.12427 -0.14834 -0.07597 -0.02589 0.90033 0.00333 0.43443
1403636596263555584 -0.15970 -0.14665 -0.07165 -0.02341 0.89984 -0.00812 0.43553
1403636596363555328 -0.19950 -0.12339 -0.06102 -0.02391 0.89802 -0.01336 0.43910
1403636596463555584 -0.24355 -0.09053 -0.04748 -0.02245 0.89550 -0.01110 0.44435
1403636596563555584 -0.28266 -0.05784 -0.03576 -0.02162 0.89327 -0.00445 0.44898
1403636596663555328 -0.31067 -0.03061 -0.02861 -0.02061 0.89381 -0.00218 0.44798
1403636596763555584 -0.32199 -0.01351 -0.02640 -0.02027 0.89431 0.00172 0.44699
1403636596863555328 -0.31072 -0.00849 -0.02749 -0.01739 0.89174 0.00598 0.45217
1403636596963555584 -0.27676 -0.01227 -0.03002 -0.01264 0.89034 0.00942 0.45503
1403636597063555584 -0.22458 -0.02075 -0.03422 -0.01046 0.89387 0.01031 0.44809
1403636597163555328 -0.16167 -0.03020 -0.03774 -0.01519 0.89867 0.01601 0.43806
1403636597263555584 -0.09309 -0.03833 -0.03535 -0.02266 0.89988 0.02773 0.43466
1403636597363555328 -0.02293 -0.04207 -0.03058 -0.03133 0.89759 0.04199 0.43771
1403636597463555584 0.04288 -0.03980 -0.02695 -0.03904 0.89470 0.05881 0.44106
1403636597563555584 0.09405 -0.02978 -0.02573 -0.05118 0.89079 0.07738 0.44483
1403636597663555328 0.12017 -0.00927 -0.02559 -0.06998 0.88494 0.09318 0.45088
1403636597763555584 0.12442 0.01147 -0.02830 -0.08536 0.87880 0.10712 0.45712
1403636597863555328 0.10609 0.03264 -0.03045 -0.09223 0.87391 0.11843 0.46234
1403636597963555584 0.07210 0.04540 -0.03261 -0.09327 0.87188 0.12919 0.46307
1403636598163555328 -0.01575 0.04880 -0.04337 -0.09035 0.88061 0.13385 0.44548
1403636598263555584 -0.05289 0.04031 -0.05521 -0.08321 0.88950 0.13357 0.42898
1403636598363555328 -0.07385 0.02901 -0.06913 -0.07438 0.89532 0.13193 0.41889
1403636598463555584 -0.07455 0.01727 -0.08456 -0.06734 0.89666 0.12994 0.41784
1403636598563555584 -0.05577 0.00771 -0.09971 -0.06921 0.89289 0.13130 0.42510
1403636598663555328 -0.02323 0.00159 -0.11134 -0.07749 0.88527 0.13495 0.43827
1403636598863555328 0.04736 -0.00531 -0.14862 -0.10151 0.86229 0.14276 0.47516
1403636598963555584 0.07737 -0.00842 -0.17215 -0.10503 0.85239 0.14135 0.49235
1403636599063555584 0.10062 -0.01083 -0.19413 -0.10971 0.84374 0.14100 0.50614
1403636599163555328 0.11758 -0.01175 -0.20883 -0.12167 0.83134 0.14018 0.52386
1403636599263555584 0.13265 -0.01174 -0.21817 -0.12654 0.81393 0.13620 0.55042
1403636599363555328 0.14510 -0.00899 -0.22618 -0.12911 0.80133 0.13067 0.56932
1403636599563555584 0.15902 -0.01514 -0.24626 -0.11676 0.80118 0.12119 0.57427
1403636599663555328 0.16617 -0.01292 -0.25493 -0.11288 0.80525 0.11823 0.56995
1403636599863555328 0.16736 -0.01608 -0.25791 -0.11656 0.79066 0.11507 0.58994
1403636623963555584 0.16767 -0.01975 -0.26013 -0.12349 0.78863 0.10549 0.59303
1403636624363555328 0.16770 -0.02140 -0.25988 -0.11945 0.79403 0.10461 0.58677
1403636624463555584 0.16809 -0.03335 -0.26679 -0.11627 0.79930 0.10328 0.58046
1403636624563555584 0.16473 -0.02875 -0.25353 -0.11234 0.80445 0.10175 0.57436
1403636624663555328 0.16100 -0.03644 -0.25526 -0.10785 0.80384 0.10298 0.57585
1403636624763555584 0.15565 -0.05230 -0.25903 -0.10204 0.80191 0.10684 0.57889
1403636624863555328 0.14763 -0.06774 -0.25705 -0.09000 0.80530 0.11630 0.57434
1403636624963555584 0.13660 -0.08350 -0.24675 -0.07570 0.81186 0.12706 0.56480
1403636625063555584 0.12538 -0.09721 -0.22949 -0.06781 0.81819 0.13282 0.55527
1403636625163555328 0.11579 -0.10564 -0.20505 -0.07066 0.82282 0.13135 0.54838
1403636625263555584 0.10987 -0.10923 -0.17574 -0.07777 0.82036 0.12685 0.55215
1403636625363555328 0.10659 -0.11276 -0.15780 -0.08279 0.81705 0.12487 0.55676
1403636625563555584 0.11712 -0.10463 -0.17044 -0.08343 0.82092 0.12697 0.55046
1403636625763555584 0.12818 -0.09727 -0.14909 -0.08506 0.81507 0.12885 0.55841
1403636625863555328 0.14115 -0.08714 -0.11226 -0.08863 0.80873 0.12754 0.56730
1403636625963555584 0.15348 -0.07682 -0.06879 -0.09150 0.80500 0.12623 0.57243
1403636626063555584 0.16468 -0.06704 -0.02227 -0.09646 0.80312 0.12343 0.57485
1403636626163555328 0.17418 -0.05811 0.02308 -0.10533 0.80282 0.11769 0.57493
1403636626263555584 0.18516 -0.04986 0.05934 -0.11137 0.80273 0.11361 0.57473
1403636626463555584 0.20318 -0.04896 0.09094 -0.10874 0.80136 0.11629 0.57660
1403636626563555584 0.21153 -0.05466 0.09495 -0.10389 0.79662 0.12079 0.58310
1403636626863555328 0.21506 -0.08128 0.08452 -0.09945 0.79730 0.13028 0.58091
1403636626963555584 0.20957 -0.09092 0.07323 -0.09785 0.80233 0.13222 0.57377
1403636627063555584 0.20401 -0.10210 0.05877 -0.09633 0.80708 0.13335 0.56707
1403636627363555328 0.18870 -0.13218 0.07702 -0.09945 0.80261 0.13265 0.57300
1403636627563555584 0.17692 -0.15321 0.12476 -0.09987 0.80412 0.12492 0.57255
1403636627663555328 0.16953 -0.16609 0.13132 -0.09478 0.80774 0.11870 0.56963
1403636627763555584 0.16334 -0.18207 0.12232 -0.08682 0.81508 0.11157 0.56183
1403636627863555328 0.16005 -0.19654 0.10916 -0.07678 0.82254 0.10265 0.55408
1403636627963555584 0.15914 -0.21052 0.10099 -0.06798 0.82768 0.09595 0.54874
1403636628163555328 0.16976 -0.22593 0.11709 -0.06192 0.81951 0.08389 0.56350
1403636628263555584 0.19474 -0.23919 0.13610 -0.06572 0.81169 0.07687 0.57527
1403636628363555328 0.20869 -0.24972 0.16020 -0.07121 0.80860 0.07129 0.57966
1403636628563555584 0.23342 -0.27536 0.19837 -0.07666 0.80922 0.06803 0.57850
1403636628763555584 0.25536 -0.31658 0.21197 -0.07240 0.81103 0.06958 0.57632
1403636628863555328 0.26764 -0.34412 0.20901 -0.06212 0.81593 0.06793 0.57078
1403636628963555584 0.27974 -0.36886 0.21169 -0.05486 0.82085 0.06512 0.56476
1403636629063555584 0.29016 -0.40024 0.21982 -0.05108 0.82375 0.06150 0.56129
1403636629163555328 0.30232 -0.43112 0.24028 -0.04672 0.82461 0.05689 0.56089
1403636629263555584 0.31728 -0.45696 0.25144 -0.04183 0.82369 0.04850 0.56341
1403636629363555328 0.34992 -0.49362 0.26413 -0.04059 0.82162 0.03964 0.56721
1403636629463555584 0.37033 -0.51750 0.26078 -0.04281 0.81841 0.02849 0.57233
1403636629563555584 0.39574 -0.54760 0.25361 -0.03979 0.81812 0.01416 0.57350
1403636629763555584 0.44764 -0.61659 0.21635 -0.01253 0.82853 -0.01397 0.55963
1403636629863555328 0.47828 -0.65423 0.19236 0.00218 0.83147 -0.03140 0.55467
1403636629963555584 0.51317 -0.69585 0.16838 0.01436 0.83219 -0.04661 0.55235
1403636630063555584 0.54541 -0.73340 0.15467 0.02204 0.83057 -0.05722 0.55353
1403636630163555328 0.59666 -0.77217 0.14746 0.02682 0.82362 -0.06387 0.56289
1403636630263555584 0.63765 -0.81390 0.15300 0.03052 0.81592 -0.06816 0.57332
1403636630663555328 0.81241 -0.97557 0.20713 0.03886 0.81986 -0.06018 0.56807
1403636630963555584 0.95847 -1.06589 0.22961 0.02954 0.82071 -0.05884 0.56754
1403636631263555584 1.09478 -1.17259 0.21709 0.02860 0.81602 -0.05820 0.57437
1403636631663555328 1.27704 -1.27903 0.15912 0.03207 0.81669 -0.05259 0.57378
1403636632063555584 1.44219 -1.38062 0.15512 0.03652 0.81700 -0.04943 0.57336
1403636632263555584 1.53185 -1.42840 0.15397 0.04252 0.81487 -0.04829 0.57606
1403636632563555584 1.65390 -1.46601 0.11870 0.02949 0.82187 -0.05628 0.56612
1403636632663555328 1.69207 -1.47647 0.09947 0.01615 0.82709 -0.05389 0.55924
1403636632763555584 1.74073 -1.48427 0.07998 0.00262 0.82949 -0.04252 0.55690
1403636632863555328 1.79386 -1.49265 0.06711 -0.00618 0.82783 -0.01988 0.56059
1403636632963555584 1.84259 -1.50804 0.06456 -0.01181 0.82369 0.00484 0.56690
1403636633063555584 1.89139 -1.52485 0.07318 -0.01653 0.82135 0.02372 0.56969
1403636633163555328 1.96142 -1.53184 0.06332 -0.02196 0.82021 0.03604 0.57050
1403636633363555328 2.06061 -1.54983 0.04715 -0.03386 0.82223 0.04363 0.56646
1403636633563555584 2.17310 -1.56734 0.01207 -0.03968 0.82656 0.03981 0.56003
1403636633763555584 2.29859 -1.58682 -0.01663 -0.03734 0.82831 0.03472 0.55795
1403636633963555584 2.43635 -1.60976 -0.02004 -0.04259 0.82635 0.02361 0.56104
1403636634163555328 2.57937 -1.63948 -0.02403 -0.04483 0.82621 0.01884 0.56126
1403636634363555328 2.73390 -1.68236 -0.00492 -0.03545 0.82228 0.02944 0.56721
1403636634463555584 2.81355 -1.70489 0.00255 -0.03257 0.81785 0.03372 0.57351
1403636634563555584 2.89331 -1.72639 0.00416 -0.03216 0.81445 0.03689 0.57816
1403636634763555584 3.04723 -1.75800 -0.01217 -0.03589 0.81347 0.05120 0.57824
1403636634963555584 3.18778 -1.79804 -0.00428 -0.04369 0.81749 0.06266 0.57085
1403636635163555328 3.32727 -1.82393 0.00774 -0.04685 0.81925 0.07181 0.56698
1403636635363555328 3.46612 -1.84363 -0.00219 -0.05643 0.82260 0.07052 0.56140
1403636635563555584 3.61186 -1.86469 -0.00358 -0.06292 0.82346 0.06667 0.55992
1403636635763555584 3.76155 -1.89302 0.01990 -0.06586 0.82004 0.06202 0.56512
1403636635863555328 3.84347 -1.90829 0.04400 -0.07168 0.81656 0.05606 0.57005
1403636636063555584 4.00517 -1.95177 0.10125 -0.06777 0.82466 0.05644 0.55871
1403636636163555328 4.08797 -1.97909 0.12767 -0.06005 0.82500 0.06179 0.55853
1403636636263555584 4.17284 -2.00689 0.16214 -0.05407 0.81843 0.06621 0.56821
1403636636363555328 4.25701 -2.03358 0.20127 -0.05188 0.81122 0.06779 0.57848
1403636636463555584 4.33898 -2.05888 0.23721 -0.05153 0.80200 0.06852 0.59114
1403636636563555584 4.41528 -2.08453 0.26411 -0.04602 0.79932 0.07231 0.59476
1403636636663555328 4.48626 -2.10847 0.28358 -0.03833 0.79890 0.07781 0.59517
1403636636863555328 4.61027 -2.14228 0.29707 -0.02298 0.79949 0.08859 0.59366
1403636637063555584 4.71412 -2.15366 0.27926 -0.04282 0.80604 0.07783 0.58515
1403636637263555584 4.80313 -2.15401 0.24786 -0.05146 0.81428 0.07403 0.57343
1403636637563555584 4.94323 -2.14455 0.24242 -0.05403 0.81925 0.07689 0.56569
1403636637763555584 5.03568 -2.13461 0.27524 -0.05688 0.81855 0.07787 0.56629
1403636637863555328 5.08544 -2.12924 0.30256 -0.05737 0.81616 0.07879 0.56955
1403636637963555584 5.13588 -2.12325 0.33259 -0.05854 0.81345 0.07925 0.57322
1403636638163555328 5.23168 -2.11062 0.34598 -0.06103 0.80917 0.07968 0.57894
1403636638363555328 5.31900 -2.10006 0.32273 -0.06641 0.81323 0.07731 0.57295
1403636638463555584 5.35973 -2.09681 0.30266 -0.07342 0.82510 0.07263 0.55547
1403636638563555584 5.40415 -2.09493 0.28249 -0.07755 0.83279 0.06962 0.54369
1403636638763555584 5.51263 -2.10046 0.27089 -0.06622 0.82831 0.07844 0.55078
1403636638863555328 5.57774 -2.10346 0.27939 -0.06575 0.82286 0.07890 0.55889
1403636638963555584 5.64395 -2.10669 0.29241 -0.06995 0.81972 0.07642 0.56332
1403636639063555584 5.71348 -2.11169 0.30775 -0.07962 0.81940 0.06987 0.56336
1403636639263555584 5.85785 -2.13152 0.30693 -0.09110 0.82052 0.06171 0.56093
1403636639363555328 5.93360 -2.15003 0.28842 -0.08197 0.82052 0.06818 0.56158
1403636639463555584 6.01063 -2.17152 0.26465 -0.07128 0.82035 0.07618 0.56226
1403636639563555584 6.08869 -2.19527 0.23742 -0.05974 0.81779 0.08468 0.56611
1403636639663555328 6.16577 -2.21697 0.20923 -0.05421 0.81441 0.08946 0.57079
1403636639763555584 6.24290 -2.23581 0.18414 -0.05872 0.80987 0.08681 0.57717
1403636639963555584 6.38507 -2.27116 0.15710 -0.06599 0.80749 0.08252 0.58035
1403636640163555328 6.52012 -2.30477 0.16034 -0.07006 0.80535 0.09428 0.58105
1403636640363555328 6.64133 -2.33878 0.18266 -0.07788 0.80469 0.10756 0.57865
1403636640663555328 6.80180 -2.38585 0.17901 -0.08283 0.80378 0.11692 0.57742
1403636641063555584 6.98876 -2.43128 0.16069 -0.08294 0.80618 0.11923 0.57356
1403636641463555584 7.14836 -2.46371 0.11401 -0.09159 0.80647 0.10847 0.57398
1403636641763555584 7.24967 -2.49618 0.08410 -0.08196 0.80610 0.11222 0.57524
1403636641963555584 7.31090 -2.51717 0.10088 -0.07965 0.80528 0.10830 0.57745
1403636642063555584 7.33935 -2.52944 0.11678 -0.07491 0.80497 0.10065 0.57989
1403636642163555328 7.36604 -2.54304 0.13041 -0.06929 0.80481 0.09436 0.58187
1403636642363555328 7.40880 -2.56824 0.14153 -0.06180 0.80497 0.08053 0.58457
1403636642463555584 7.42508 -2.58239 0.13907 -0.05749 0.80519 0.07294 0.58570
1403636642563555584 7.43884 -2.59654 0.13150 -0.05344 0.80840 0.06808 0.58224
1403636642763555584 7.46215 -2.62339 0.10152 -0.05002 0.81835 0.06245 0.56912
1403636643263555584 7.54821 -2.68443 0.09613 -0.05442 0.81371 0.05902 0.57570
1403636643563555584 7.61087 -2.72743 0.09360 -0.05539 0.82256 0.06125 0.56265
1403636643863555328 7.70571 -2.77149 0.14375 -0.05245 0.83170 0.06698 0.54867
1403636644263555584 7.90082 -2.82156 0.16579 -0.05756 0.82776 0.06353 0.55449
1403636644363555328 7.96166 -2.83082 0.15927 -0.06861 0.81915 0.05486 0.56681
1403636644463555584 8.02445 -2.84383 0.14576 -0.07454 0.81298 0.05005 0.57533
1403636644663555328 8.14704 -2.88703 0.09579 -0.07999 0.80729 0.04586 0.58291
1403636644763555584 8.20484 -2.91779 0.06068 -0.06580 0.80687 0.05551 0.58442
1403636644863555328 8.26023 -2.95175 0.02051 -0.05215 0.80752 0.06365 0.58407
1403636644963555584 8.31082 -2.98592 -0.01987 -0.04901 0.81086 0.06418 0.57964
1403636645063555584 8.35956 -3.01899 -0.05357 -0.04855 0.82193 0.06303 0.56401
1403636645163555328 8.40654 -3.05334 -0.07997 -0.04721 0.83427 0.06297 0.54571
1403636645463555584 8.60411 -3.14407 -0.11512 -0.04640 0.83412 0.06126 0.54620
1403636645563555584 8.68617 -3.17099 -0.12888 -0.04569 0.83159 0.06109 0.55013
1403636645763555584 8.86061 -3.22099 -0.16161 -0.04534 0.82826 0.06109 0.55515
1403636645963555584 9.05262 -3.26521 -0.15908 -0.04840 0.82638 0.05723 0.55810
1403636646063555584 9.15161 -3.28731 -0.14269 -0.04892 0.82265 0.04673 0.56451
1403636646163555328 9.24964 -3.31381 -0.12333 -0.04399 0.81973 0.02947 0.57030
1403636646263555584 9.35198 -3.34254 -0.10923 -0.03603 0.81661 0.00637 0.57603
1403636646363555328 9.45030 -3.37640 -0.09955 -0.02506 0.81176 -0.02007 0.58311
1403636646463555584 9.54265 -3.41508 -0.09572 -0.00579 0.80631 -0.04051 0.59008
1403636646563555584 9.63097 -3.45592 -0.09034 0.01282 0.80117 -0.05315 0.59593
1403636646663555328 9.71314 -3.49757 -0.08133 0.02586 0.80184 -0.06187 0.59376
1403636646763555584 9.79095 -3.53958 -0.06277 0.03296 0.80306 -0.06904 0.59097
1403636646863555328 9.86323 -3.58043 -0.03380 0.03808 0.80245 -0.07352 0.59094
1403636647063555584 9.99404 -3.65975 0.02296 0.04109 0.80615 -0.07640 0.58531
1403636647263555584 10.11410 -3.73843 0.05645 0.04067 0.81164 -0.07597 0.57777
1403636647463555584 10.23027 -3.81599 0.07160 0.03486 0.80808 -0.07595 0.58311
1403636647563555584 10.28430 -3.85576 0.07390 0.03069 0.80376 -0.07609 0.58926
1403636647763555584 10.37325 -3.94562 0.08598 0.03194 0.80176 -0.07882 0.59157
1403636647863555328 10.41045 -3.99440 0.09474 0.03763 0.80326 -0.08128 0.58885
1403636647963555584 10.44249 -4.04585 0.09595 0.04519 0.80242 -0.08945 0.58829
1403636648063555584 10.46911 -4.09856 0.08800 0.05659 0.80134 -0.10380 0.58641
1403636648163555328 10.49204 -4.15166 0.07326 0.07065 0.79887 -0.12393 0.58434
1403636648263555584 10.51156 -4.20537 0.05514 0.08588 0.79504 -0.14576 0.58249
1403636648363555328 10.52679 -4.25898 0.03312 0.10197 0.79054 -0.16841 0.57991
1403636648463555584 10.53695 -4.31177 0.00753 0.11857 0.78595 -0.19180 0.57570
1403636648563555584 10.55362 -4.36496 -0.01791 0.13175 0.78135 -0.21265 0.57176
1403636648663555328 10.54472 -4.41517 -0.03840 0.14497 0.77734 -0.22896 0.56771
1403636648763555584 10.54742 -4.46442 -0.05261 0.15304 0.77827 -0.23874 0.56025
1403636648863555328 10.55070 -4.51375 -0.05922 0.15433 0.78469 -0.24665 0.54737
1403636648963555584 10.55656 -4.56332 -0.05578 0.15554 0.79044 -0.25010 0.53709
1403636649163555328 10.57609 -4.66748 -0.01790 0.16219 0.78098 -0.24661 0.55040
1403636649263555584 10.58815 -4.71930 0.01026 0.16545 0.77465 -0.24247 0.56013
1403636649563555584 10.60842 -4.86204 0.12910 0.15973 0.77859 -0.23487 0.55958
1403636649663555328 10.61192 -4.90453 0.17954 0.15845 0.77387 -0.23700 0.56555
1403636649763555584 10.61244 -4.94812 0.22306 0.16235 0.76970 -0.24330 0.56746
1403636649863555328 10.60959 -4.99160 0.26091 0.16859 0.76684 -0.24788 0.56753
1403636649963555584 10.60396 -5.03441 0.29028 0.17387 0.76505 -0.25127 0.56686
1403636650063555584 10.59471 -5.07471 0.30937 0.17770 0.76350 -0.25480 0.56619
1403636650163555328 10.57956 -5.11217 0.31828 0.18355 0.76022 -0.26305 0.56496
1403636650263555584 10.55883 -5.14810 0.31877 0.19469 0.75584 -0.27752 0.56017
1403636650363555328 10.53610 -5.18321 0.31273 0.20680 0.74980 -0.29799 0.55338
1403636650463555584 10.50855 -5.21400 0.30277 0.22109 0.74410 -0.31985 0.54326
1403636650563555584 10.47702 -5.24027 0.28772 0.23235 0.73930 -0.34087 0.53222
1403636650663555328 10.44492 -5.26459 0.27004 0.24056 0.73513 -0.35573 0.52457
1403636650763555584 10.41557 -5.28775 0.25409 0.24740 0.73149 -0.36597 0.51941
1403636650863555328 10.38863 -5.31034 0.24702 0.25344 0.72697 -0.37125 0.51909
1403636650963555584 10.36348 -5.33234 0.24778 0.25903 0.72131 -0.37211 0.52360
1403636651163555328 10.30909 -5.36951 0.26533 0.26283 0.71786 -0.37038 0.52766
1403636651463555584 10.21781 -5.40231 0.31639 0.25379 0.72784 -0.36769 0.52023
1403636651663555328 10.15731 -5.41520 0.32525 0.25352 0.72415 -0.36108 0.53006
1403636651863555328 10.08720 -5.42191 0.31618 0.25005 0.71341 -0.37225 0.53848
1403636651963555584 10.04616 -5.42248 0.30574 0.25536 0.70463 -0.38651 0.53749
1403636652063555584 9.99794 -5.42414 0.29191 0.26861 0.69559 -0.40343 0.53033
1403636652163555328 9.94262 -5.42460 0.27456 0.28823 0.68767 -0.42342 0.51454
1403636652263555584 9.88103 -5.42281 0.25365 0.30646 0.67728 -0.44935 0.49544
1403636652363555328 9.81514 -5.41549 0.22666 0.31993 0.66687 -0.47777 0.47399
1403636652463555584 9.75075 -5.41163 0.20084 0.33017 0.65601 -0.49988 0.45908
1403636652563555584 9.68787 -5.41069 0.17943 0.33524 0.64823 -0.51707 0.44727
1403636652663555328 9.62742 -5.41462 0.16675 0.33741 0.64568 -0.52883 0.43542
1403636652763555584 9.56965 -5.42392 0.16524 0.34032 0.64410 -0.53425 0.42883
1403636652963555584 9.46303 -5.46056 0.18554 0.34643 0.64061 -0.53374 0.42980
1403636653163555328 9.36552 -5.51469 0.19543 0.35334 0.63831 -0.52487 0.43843
1403636653263555584 9.32180 -5.54489 0.19052 0.35861 0.63530 -0.51774 0.44692
1403636653463555584 9.23659 -5.60319 0.19242 0.36089 0.63671 -0.50756 0.45469
1403636653763555584 9.11839 -5.66710 0.23655 0.36038 0.63746 -0.49874 0.46371
1403636654163555328 8.96490 -5.69971 0.22319 0.35650 0.63354 -0.50381 0.46659
1403636654263555584 8.92475 -5.69935 0.21716 0.36210 0.62884 -0.50930 0.46267
1403636654363555328 8.88259 -5.69734 0.21910 0.36841 0.62330 -0.51886 0.45449
1403636654563555584 8.80000 -5.68299 0.24582 0.38590 0.60554 -0.54464 0.43332
1403636654663555328 8.75983 -5.67296 0.26313 0.38857 0.59638 -0.55952 0.42459
1403636654863555328 8.68437 -5.65084 0.27918 0.39581 0.58513 -0.57630 0.41091
1403636654963555584 8.64874 -5.64179 0.27772 0.40259 0.57976 -0.57794 0.40960
1403636655263555584 8.54498 -5.60631 0.25185 -0.41680 -0.56331 0.57595 -0.42100
1403636655363555328 8.50994 -5.58630 0.24034 -0.41979 -0.55681 0.58003 -0.42108
1403636655563555584 8.43968 -5.52879 0.22881 -0.42535 -0.54390 0.59475 -0.41173
1403636655663555328 8.40208 -5.49057 0.22494 -0.42197 -0.53866 0.61004 -0.39954
1403636655863555328 8.32073 -5.41258 0.18632 -0.42161 -0.52391 0.63450 -0.38102
1403636655963555584 8.27530 -5.37596 0.15367 -0.42688 -0.51039 0.64673 -0.37284
1403636656063555584 8.22699 -5.34161 0.12648 -0.43325 -0.49854 0.65522 -0.36667
1403636656163555328 8.17647 -5.30814 0.10858 -0.43879 -0.49230 0.66062 -0.35873
1403636656263555584 8.12435 -5.27487 0.10255 -0.44216 -0.48997 0.66420 -0.35108
1403636656363555328 8.07105 -5.24415 0.10669 -0.44241 -0.48834 0.66716 -0.34740
1403636656563555584 7.96118 -5.19380 0.14003 -0.44396 -0.48980 0.66644 -0.34476
1403636656663555328 7.90432 -5.17415 0.15729 -0.44816 -0.48946 0.66203 -0.34827
1403636656763555584 7.84736 -5.15606 0.17097 -0.45693 -0.48552 0.65383 -0.35775
1403636656863555328 7.79094 -5.13636 0.17617 -0.46374 -0.48575 0.64713 -0.36086
1403636657063555584 7.68272 -5.08477 0.16429 -0.46573 -0.48453 0.64190 -0.36918
1403636657263555584 7.58132 -5.01382 0.14051 -0.45841 -0.48328 0.64481 -0.37487
1403636657363555328 7.53234 -4.97111 0.13534 -0.45342 -0.48463 0.64853 -0.37276
1403636657463555584 7.48243 -4.92549 0.13049 -0.44472 -0.48635 0.65515 -0.36942
1403636657663555328 7.37637 -4.82970 0.10932 -0.43803 -0.48870 0.66063 -0.36451
1403636657763555584 7.31760 -4.78241 0.09328 -0.43898 -0.48624 0.66163 -0.36484
1403636657963555584 7.18815 -4.68803 0.05212 -0.43062 -0.47873 0.67222 -0.36537
1403636658063555584 7.11557 -4.64215 0.04133 -0.43166 -0.47967 0.67345 -0.36061
1403636658263555584 6.95777 -4.55198 0.03937 -0.44470 -0.48681 0.66783 -0.34533
1403636658363555328 6.87640 -4.51148 0.03422 -0.44746 -0.48876 0.66698 -0.34062
1403636658463555584 6.79595 -4.47329 0.02626 -0.44945 -0.49097 0.66636 -0.33601
1403636658563555584 6.71525 -4.43944 0.01657 -0.45348 -0.49454 0.66386 -0.33027
1403636658663555328 6.63716 -4.40976 0.00408 -0.45665 -0.49677 0.66177 -0.32674
1403636658763555584 6.56141 -4.38495 -0.01103 -0.46090 -0.49767 0.65876 -0.32548
1403636658863555328 6.48957 -4.36488 -0.02758 -0.46796 -0.49792 0.65374 -0.32513
1403636659063555584 6.36334 -4.32809 -0.07380 -0.47076 -0.48719 0.65189 -0.34069
1403636659263555584 6.25297 -4.29042 -0.13466 -0.47215 -0.48320 0.65037 -0.34729
1403636659363555328 6.20347 -4.27024 -0.16148 -0.46822 -0.48540 0.65302 -0.34457
1403636659463555584 6.15811 -4.24762 -0.18246 -0.46263 -0.48986 0.65666 -0.33884
1403636659663555328 6.07483 -4.20404 -0.20969 -0.46474 -0.48920 0.65619 -0.33781
1403636659863555328 6.00523 -4.16144 -0.25404 -0.46885 -0.48578 0.65549 -0.33843
1403636659963555584 5.97565 -4.13735 -0.28466 -0.46603 -0.48694 0.65872 -0.33435
1403636660063555584 5.94919 -4.11415 -0.31940 -0.46053 -0.48889 0.66362 -0.32941
1403636660163555328 5.92583 -4.09308 -0.35723 -0.45667 -0.49093 0.66710 -0.32467
1403636660263555584 5.90415 -4.07641 -0.39633 -0.45400 -0.49202 0.66940 -0.32202
1403636660363555328 5.88517 -4.06435 -0.43234 -0.44740 -0.49586 0.67424 -0.31519
1403636660463555584 5.86736 -4.06012 -0.45996 -0.44068 -0.49872 0.67892 -0.31009
1403636660663555328 5.83469 -4.07606 -0.50621 -0.45567 -0.49481 0.66815 -0.31797
1403636660763555584 5.82154 -4.09413 -0.53601 -0.46906 -0.49277 0.65828 -0.32221
1403636660863555328 5.81334 -4.11341 -0.57153 -0.47961 -0.49425 0.65010 -0.32102
1403636660963555584 5.81257 -4.13308 -0.61315 -0.48301 -0.49337 0.64748 -0.32259
1403636661163555328 5.82967 -4.17025 -0.70708 -0.47851 -0.48575 0.65066 -0.33424
1403636661363555328 5.86570 -4.19981 -0.78981 -0.47674 -0.48196 0.65188 -0.33983
1403636661563555584 5.91432 -4.21939 -0.84227 -0.47331 -0.48183 0.65378 -0.34115
1403636661763555584 5.97273 -4.22866 -0.86485 -0.46970 -0.47790 0.65557 -0.34815
1403636661963555584 6.03223 -4.22704 -0.86007 -0.46592 -0.47283 0.65660 -0.35808
1403636662263555584 6.11345 -4.19540 -0.82304 -0.47220 -0.48117 0.65240 -0.34623
1403636662463555584 6.17260 -4.16049 -0.82195 -0.46965 -0.48821 0.65608 -0.33262
1403636662563555584 6.20651 -4.14238 -0.83007 -0.46321 -0.48940 0.66149 -0.32918
1403636662663555328 6.24227 -4.12828 -0.84131 -0.45424 -0.48225 0.66891 -0.33713
1403636662763555584 6.27644 -4.11716 -0.85506 -0.44932 -0.47358 0.67293 -0.34785
1403636662963555584 6.33203 -4.09306 -0.89821 -0.44271 -0.47242 0.67867 -0.34676
1403636663063555584 6.35297 -4.08216 -0.92082 -0.43470 -0.47049 0.68458 -0.34790
1403636663263555584 6.37030 -4.06655 -0.94805 -0.43639 -0.47682 0.68431 -0.33754
1403636663363555328 6.36897 -4.06375 -0.96401 -0.44356 -0.48704 0.67960 -0.32279
1403636663463555584 6.36717 -4.06701 -0.98780 -0.44473 -0.49532 0.67836 -0.31097
1403636663563555584 6.36585 -4.07706 -1.01573 -0.44412 -0.50031 0.67865 -0.30313
1403636663863555328 6.37224 -4.16484 -1.09793 -0.45953 -0.51123 0.66508 -0.29179
1403636663963555584 6.38396 -4.21617 -1.11227 -0.47020 -0.51254 0.65591 -0.29323
1403636664063555584 6.40484 -4.27461 -1.11942 -0.47906 -0.51182 0.64806 -0.29759
1403636664163555328 6.43628 -4.33817 -1.12188 -0.47972 -0.50706 0.64615 -0.30864
1403636664263555584 6.47608 -4.40503 -1.12124 -0.47929 -0.50128 0.64439 -0.32211
1403636664363555328 6.52202 -4.47092 -1.13228 -0.47780 -0.49808 0.64323 -0.33148
1403636664463555584 6.57240 -4.53457 -1.15869 -0.47592 -0.49744 0.64188 -0.33771
1403636664563555584 6.62738 -4.59606 -1.19058 -0.47405 -0.49693 0.64013 -0.34434
1403636664663555328 6.68693 -4.65453 -1.21931 -0.46874 -0.49454 0.64056 -0.35412
1403636664763555584 6.74782 -4.70951 -1.24050 -0.46433 -0.49759 0.64085 -0.35513
1403636664863555328 6.80985 -4.76088 -1.25472 -0.46340 -0.50279 0.63869 -0.35291
1403636664963555584 6.87338 -4.81101 -1.26363 -0.45933 -0.50530 0.63932 -0.35349
1403636665063555584 6.93866 -4.85933 -1.26478 -0.45142 -0.50901 0.64320 -0.35131
1403636665163555328 7.00490 -4.90534 -1.25759 -0.44527 -0.51212 0.64619 -0.34915
1403636665263555584 7.07177 -4.95198 -1.24530 -0.44060 -0.50705 0.64850 -0.35807
1403636665363555328 7.13599 -5.00108 -1.23171 -0.44193 -0.50304 0.64700 -0.36474
1403636665563555584 7.25632 -5.09348 -1.20535 -0.45211 -0.51169 0.64124 -0.35013
1403636665763555584 7.38225 -5.18398 -1.17443 -0.45996 -0.51344 0.63806 -0.34307
1403636665863555328 7.45045 -5.23118 -1.15602 -0.46041 -0.50575 0.63927 -0.35153
1403636665963555584 7.51842 -5.27742 -1.13759 -0.45408 -0.49568 0.64494 -0.36354
1403636666063555584 7.58630 -5.32090 -1.12489 -0.44931 -0.49100 0.64905 -0.36849
1403636666263555584 7.71551 -5.39800 -1.11591 -0.45654 -0.49322 0.64463 -0.36435
1403636666363555328 7.77799 -5.43239 -1.11895 -0.45589 -0.49056 0.64457 -0.36884
1403636666463555584 7.83819 -5.46228 -1.12340 -0.45055 -0.48940 0.64744 -0.37191
1403636666563555584 7.89543 -5.48766 -1.12190 -0.44754 -0.49282 0.64852 -0.36914
1403636666663555328 7.94945 -5.51067 -1.11267 -0.44641 -0.50020 0.64806 -0.36130
1403636666763555584 8.00396 -5.53068 -1.09918 -0.44263 -0.50765 0.64940 -0.35305
1403636666863555328 8.05743 -5.55277 -1.08554 -0.43380 -0.51036 0.65448 -0.35071
1403636666963555584 8.10906 -5.57708 -1.07844 -0.41591 -0.50625 0.66586 -0.35686
1403636667163555328 8.19408 -5.63552 -1.07478 -0.43171 -0.50423 0.65449 -0.36197
1403636667263555584 8.23085 -5.66837 -1.07846 -0.44836 -0.50617 0.64251 -0.36047
1403636667563555584 8.34911 -5.75152 -1.11446 -0.44523 -0.51303 0.64303 -0.35367
1403636667663555328 8.39197 -5.77931 -1.12425 -0.43418 -0.51232 0.65058 -0.35464
1403636667863555328 8.47045 -5.83850 -1.12006 -0.43049 -0.50804 0.65367 -0.35957
1403636668263555584 8.60161 -5.96565 -1.14326 -0.43994 -0.51023 0.65286 -0.34627
1403636668663555328 8.72974 -6.12504 -1.23259 -0.44900 -0.50481 0.65430 -0.33979
1403636668863555328 8.80639 -6.21727 -1.27770 -0.46621 -0.50923 0.64397 -0.32959
1403636669063555584 8.90603 -6.31141 -1.29571 -0.47027 -0.50092 0.64192 -0.34040
1403636669163555328 8.96451 -6.35582 -1.29663 -0.46817 -0.49563 0.64423 -0.34660
1403636669363555328 9.08752 -6.43475 -1.30794 -0.46827 -0.49307 0.64541 -0.34793
1403636669563555584 9.21977 -6.50457 -1.33903 -0.47453 -0.48898 0.64062 -0.35403
1403636669663555328 9.29198 -6.53613 -1.35578 -0.48164 -0.48591 0.63472 -0.35924
1403636669763555584 9.36495 -6.56123 -1.36819 -0.48559 -0.48298 0.63089 -0.36456
1403636669863555328 9.44238 -6.57755 -1.37691 -0.47181 -0.47319 0.63894 -0.38111
1403636670063555584 9.58603 -6.58052 -1.36928 -0.43965 -0.46384 0.65965 -0.39549
1403636670163555328 9.64448 -6.57017 -1.35676 -0.43243 -0.46244 0.66135 -0.40220
1403636670263555584 9.69178 -6.55122 -1.34261 -0.42686 -0.45548 0.65899 -0.41960
1403636670463555584 9.74653 -6.48435 -1.33179 -0.40850 -0.45797 0.65533 -0.44038
1403636670563555584 9.74916 -6.43589 -1.32474 -0.39697 -0.46759 0.64949 -0.44938
1403636670763555584 9.69660 -6.31576 -1.28843 -0.37769 -0.49624 0.62691 -0.46698
1403636670963555584 9.57231 -6.16805 -1.24694 -0.34521 -0.51862 0.59966 -0.50226
1403636671063555584 9.47695 -6.08388 -1.21918 -0.33158 -0.53496 0.57849 -0.51887
1403636671163555328 9.35478 -5.99291 -1.18308 0.32321 0.55953 -0.55438 0.52452
1403636671363555328 9.04672 -5.80062 -1.09805 0.31841 0.61712 -0.51536 0.50218
1403636671463555584 8.87542 -5.70405 -1.05736 0.32143 0.64972 -0.49420 0.47991
1403636671563555584 8.70472 -5.60864 -1.02219 0.31311 0.67351 -0.48137 0.46544
1403636671663555328 8.53570 -5.51846 -0.99339 0.30223 0.69008 -0.47562 0.45412
1403636671863555328 8.21225 -5.36320 -0.94871 0.28929 0.70789 -0.47249 0.43813
1403636671963555584 8.06257 -5.30056 -0.92443 0.28542 0.71535 -0.47482 0.42586
1403636672063555584 7.92319 -5.25360 -0.89187 0.28885 0.72223 -0.47357 0.41314
1403636672263555584 7.69088 -5.20518 -0.80142 0.30976 0.72533 -0.46372 0.40362
1403636672363555328 7.59815 -5.19853 -0.75796 0.32198 0.72443 -0.45686 0.40350
1403636672463555584 7.52068 -5.20063 -0.72338 0.33855 0.71981 -0.44546 0.41089
1403636672563555584 7.45851 -5.20563 -0.70352 0.34477 0.70297 -0.44240 0.43732
1403636672663555328 7.40751 -5.21196 -0.70410 0.34242 0.68765 -0.44468 0.46060
1403636672863555328 7.32388 -5.21618 -0.75370 0.32130 0.68946 -0.45426 0.46376
1403636672963555584 7.29130 -5.21759 -0.77552 0.31446 0.69673 -0.44549 0.46606
1403636673063555584 7.26510 -5.21989 -0.78950 0.30790 0.70651 -0.43240 0.46805
1403636673163555328 7.24593 -5.22277 -0.79699 0.29761 0.71771 -0.42330 0.46598
1403636673263555584 7.23287 -5.22680 -0.79694 0.28592 0.73125 -0.41859 0.45640
1403636673363555328 7.22790 -5.23459 -0.79030 0.27721 0.74002 -0.41601 0.44997
1403636673563555584 7.24678 -5.27062 -0.78055 0.27487 0.74166 -0.40783 0.45613
1403636673663555328 7.26972 -5.29677 -0.78271 0.28067 0.73609 -0.40125 0.46732
1403636673763555584 7.30017 -5.32662 -0.78741 0.28735 0.72920 -0.39458 0.47959
1403636673863555328 7.33510 -5.35305 -0.79103 0.29065 0.72472 -0.39063 0.48756
1403636674263555584 7.52403 -5.44406 -0.80593 0.28589 0.72081 -0.39423 0.49324
1403636674363555328 7.58157 -5.46165 -0.82613 0.27576 0.71618 -0.40076 0.50043
1403636674463555584 7.63983 -5.47887 -0.85129 0.26264 0.71430 -0.40192 0.50917
1403636674563555584 7.69637 -5.49618 -0.88182 0.25279 0.71601 -0.39588 0.51644
1403636674663555328 7.74962 -5.51457 -0.91606 0.24914 0.71927 -0.38692 0.52045
1403636674863555328 7.84629 -5.55387 -0.99504 0.23100 0.73546 -0.38385 0.50833
1403636674963555584 7.89124 -5.57934 -1.02808 0.22371 0.74393 -0.38456 0.49863
1403636675063555584 7.93727 -5.61304 -1.05019 0.21975 0.75022 -0.38509 0.49050
1403636675263555584 8.03545 -5.70394 -1.06529 0.23946 0.76017 -0.37030 0.47717
1403636675363555328 8.09683 -5.76094 -1.06290 0.24969 0.75935 -0.36291 0.47890
1403636675463555584 8.16495 -5.81950 -1.05841 0.25546 0.75417 -0.35243 0.49169
1403636675563555584 8.24268 -5.88453 -1.05116 0.25954 0.75237 -0.33821 0.50219
1403636675663555328 8.32558 -5.92339 -1.06224 0.26024 0.75218 -0.32546 0.51047
1403636675863555328 8.50032 -6.01154 -1.09200 0.22939 0.74837 -0.31074 0.53922
1403636675963555584 8.58670 -6.04589 -1.11650 0.19940 0.75113 -0.30820 0.54868
1403636676063555584 8.66899 -6.07794 -1.14347 0.17980 0.75941 -0.29679 0.55035
1403636676163555328 8.74767 -6.11156 -1.17440 0.17566 0.77150 -0.27403 0.54666
1403636676263555584 8.83089 -6.14577 -1.20745 0.17796 0.78408 -0.24454 0.54198
1403636676363555328 8.90306 -6.18356 -1.23890 0.17639 0.79485 -0.21521 0.53925
1403636676563555584 9.06698 -6.23274 -1.27500 0.14885 0.80709 -0.17592 0.54360
1403636676663555328 9.16438 -6.25023 -1.29714 0.12966 0.80795 -0.16704 0.55001
1403636676763555584 9.25541 -6.27018 -1.29128 0.11472 0.80674 -0.16343 0.55615
1403636676963555584 9.43820 -6.29700 -1.28198 0.09317 0.80649 -0.15931 0.56171
1403636677163555328 9.61628 -6.33741 -1.30848 0.10597 0.80776 -0.14690 0.56099
1403636677363555328 9.78476 -6.35658 -1.35892 0.11194 0.80100 -0.13440 0.57254
1403636677463555584 9.87919 -6.36242 -1.38098 0.10751 0.79497 -0.12404 0.58402
1403636677563555584 9.96049 -6.36269 -1.39113 0.09602 0.79164 -0.11372 0.59258
1403636677663555328 10.03377 -6.35820 -1.39136 0.07921 0.79302 -0.10357 0.59508
1403636677863555328 10.15961 -6.33861 -1.38279 0.03223 0.80574 -0.08062 0.58587
1403636677963555584 10.21356 -6.33121 -1.37333 0.00799 0.81316 -0.06503 0.57834
1403636678063555584 10.26453 -6.32846 -1.36336 -0.00666 0.81726 -0.04410 0.57454
1403636678163555328 10.31392 -6.33148 -1.35777 -0.00935 0.81747 -0.02178 0.57548
1403636678363555328 10.40694 -6.34394 -1.35618 -0.01716 0.81706 0.01273 0.57616
1403636678463555584 10.45088 -6.35043 -1.34981 -0.02771 0.81769 0.02740 0.57434
1403636678663555328 10.53445 -6.36224 -1.31847 -0.04879 0.81547 0.06498 0.57307
1403636678763555584 10.57486 -6.36669 -1.30385 -0.05182 0.81241 0.09468 0.57302
1403636678963555584 10.65124 -6.36454 -1.29520 -0.05495 0.80600 0.15011 0.56992
1403636679063555584 10.68510 -6.35293 -1.29982 -0.06891 0.80181 0.16653 0.56975
1403636679163555328 10.71474 -6.33389 -1.30990 -0.09094 0.79659 0.17842 0.57038
1403636679263555584 10.74062 -6.30920 -1.32184 -0.12055 0.78985 0.18769 0.57129
1403636679363555328 10.76216 -6.28283 -1.32863 -0.14545 0.78372 0.20164 0.56918
1403636679463555584 10.77994 -6.25813 -1.32759 -0.16420 0.77850 0.21952 0.56461
1403636679563555584 10.79413 -6.23689 -1.31954 -0.17735 0.77450 0.23742 0.55886
1403636679663555328 10.80593 -6.21936 -1.30460 -0.18700 0.77277 0.25015 0.55252
1403636679763555584 10.81543 -6.20661 -1.28409 -0.19046 0.77058 0.26091 0.54941
1403636679863555328 10.82382 -6.19594 -1.25494 -0.19280 0.76427 0.26658 0.55466
1403636679963555584 10.83010 -6.18573 -1.21860 -0.18869 0.75849 0.27286 0.56092
1403636680163555328 10.82326 -6.16837 -1.13469 -0.16502 0.75171 0.28765 0.57005
1403636680463555584 10.74944 -6.12136 -1.04759 -0.14623 0.75345 0.29199 0.57067
1403636680663555328 10.65780 -6.06448 -1.02099 -0.14617 0.75920 0.28565 0.56626
1403636680763555584 10.60013 -6.02619 -1.01505 -0.15559 0.76472 0.27705 0.56058
1403636680863555328 10.53865 -5.98317 -1.01281 -0.17176 0.77132 0.26420 0.55295
1403636680963555584 10.47477 -5.93964 -1.01702 -0.18423 0.78146 0.25438 0.53914
1403636681063555584 10.41265 -5.89591 -1.02729 -0.18242 0.79077 0.25459 0.52592
1403636681163555328 10.35540 -5.85165 -1.03974 -0.17755 0.79351 0.25784 0.52185
1403636681263555584 10.30481 -5.80413 -1.04910 -0.17275 0.78422 0.26219 0.53518
1403636681363555328 10.25652 -5.75464 -1.05434 -0.17387 0.77613 0.26219 0.54649
1403636681463555584 10.20892 -5.70424 -1.05356 -0.17918 0.77173 0.25991 0.55207
1403636681563555584 10.15897 -5.65414 -1.04788 -0.18173 0.77021 0.26004 0.55329
1403636681663555328 10.10778 -5.60520 -1.04432 -0.17943 0.76908 0.26342 0.55402
1403636681763555584 10.05553 -5.55472 -1.04560 -0.17859 0.76773 0.26585 0.55500
1403636681963555584 9.94402 -5.45115 -1.04627 -0.18220 0.76581 0.26713 0.55586
1403636682063555584 9.88585 -5.39905 -1.03712 -0.18556 0.76624 0.26642 0.55450
1403636682163555328 9.82389 -5.34867 -1.02077 -0.18808 0.76646 0.26590 0.55359
1403636682263555584 9.75994 -5.30031 -1.00524 -0.18919 0.77069 0.26559 0.54745
1403636682563555584 9.57517 -5.15751 -0.98982 -0.18476 0.77382 0.26535 0.54466
1403636682763555584 9.45612 -5.06238 -0.99484 -0.18536 0.76763 0.26125 0.55510
1403636682963555584 9.33148 -4.97060 -0.98174 -0.17866 0.76493 0.26182 0.56073
1403636683163555328 9.19481 -4.87860 -0.96099 -0.17768 0.76522 0.26262 0.56027
1403636683263555584 9.12167 -4.83188 -0.95973 -0.18065 0.76691 0.26176 0.55740
1403636683363555328 9.04632 -4.78534 -0.96306 -0.18395 0.76764 0.26144 0.55547
1403636683463555584 8.97049 -4.73917 -0.97127 -0.18652 0.76811 0.26187 0.55375
1403636683663555328 8.81732 -4.65021 -0.99907 -0.18790 0.76988 0.26380 0.54991
1403636683863555328 8.66303 -4.56162 -1.01798 -0.19017 0.77618 0.26503 0.53956
1403636683963555584 8.58616 -4.52004 -1.02302 -0.18980 0.77580 0.26682 0.53936
1403636684063555584 8.51772 -4.47827 -1.01630 -0.19190 0.77321 0.26721 0.54214
1403636684163555328 8.44673 -4.43711 -1.00187 -0.19324 0.77116 0.26860 0.54390
1403636684363555328 8.30738 -4.35920 -0.96129 -0.19743 0.76622 0.27000 0.54867
1403636684463555584 8.23861 -4.32296 -0.94877 -0.19955 0.76500 0.27003 0.54958
1403636684563555584 8.17001 -4.28944 -0.94346 -0.20435 0.76433 0.26792 0.54978
1403636684663555328 8.10180 -4.25895 -0.94437 -0.20733 0.76379 0.26691 0.54991
1403636684863555328 7.96361 -4.20762 -0.96173 -0.20703 0.76278 0.26773 0.55103
1403636685063555584 7.82230 -4.17005 -0.98826 -0.19302 0.76206 0.27586 0.55309
1403636685263555584 7.67520 -4.13845 -0.99178 -0.18455 0.76727 0.27719 0.54809
1403636685463555584 7.52641 -4.09892 -0.97237 -0.18024 0.76977 0.27458 0.54733
1403636685663555328 7.37765 -4.05565 -0.97668 -0.18245 0.77117 0.26947 0.54717
1403636685863555328 7.22165 -4.00576 -0.99260 -0.17761 0.76791 0.27206 0.55204
1403636685963555584 7.14671 -3.98269 -1.00865 -0.18116 0.76929 0.27012 0.54992
1403636686063555584 7.06734 -3.95713 -1.02565 -0.18566 0.77266 0.26769 0.54485
1403636686163555328 6.98410 -3.93516 -1.02226 -0.18785 0.77396 0.26614 0.54301
1403636686363555328 6.83702 -3.87791 -1.02621 -0.18994 0.77722 0.26382 0.53875
1403636686463555584 6.76340 -3.85267 -1.01357 -0.18923 0.77884 0.26385 0.53664
1403636686663555328 6.62728 -3.79910 -1.01443 -0.18780 0.77942 0.26567 0.53540
1403636686863555328 6.50077 -3.74440 -1.02535 -0.19081 0.77644 0.26497 0.53900
1403636687063555584 6.38263 -3.69244 -1.01435 -0.19486 0.77446 0.26332 0.54121
1403636687263555584 6.27524 -3.64390 -0.99202 -0.19539 0.77279 0.26424 0.54296
1403636687463555584 6.17299 -3.60152 -0.99106 -0.19501 0.76947 0.26584 0.54701
1403636687663555328 6.07446 -3.56384 -1.01601 -0.19907 0.76860 0.26457 0.54739
1403636687863555328 5.97447 -3.53181 -1.06558 -0.20062 0.76818 0.26467 0.54736
1403636688063555584 5.87612 -3.50736 -1.13478 -0.19261 0.76671 0.27090 0.54925
1403636688263555584 5.77570 -3.48502 -1.19210 -0.19092 0.76631 0.27224 0.54974
1403636688363555328 5.72278 -3.47488 -1.21091 -0.19510 0.76770 0.26977 0.54753
1403636688563555584 5.61960 -3.45089 -1.25868 -0.18740 0.76776 0.27499 0.54754
1403636688763555584 5.51172 -3.42373 -1.32216 -0.17971 0.76615 0.28272 0.54843
1403636688863555328 5.45501 -3.40684 -1.35376 -0.18272 0.76629 0.28455 0.54630
1403636688963555584 5.39771 -3.38666 -1.37716 -0.18960 0.76693 0.28760 0.54144
1403636689063555584 5.33935 -3.36356 -1.39089 -0.19714 0.76746 0.29012 0.53664
1403636689263555584 5.22776 -3.31226 -1.39704 -0.20914 0.76846 0.29601 0.52736
1403636689363555328 5.17727 -3.28358 -1.38834 -0.21206 0.76809 0.29903 0.52503
1403636689563555584 5.08795 -3.22293 -1.34698 -0.21576 0.76793 0.30262 0.52168
1403636689663555328 5.04740 -3.19266 -1.31934 -0.21793 0.77139 0.30208 0.51596
1403636689863555328 4.98428 -3.12901 -1.27679 -0.22800 0.78027 0.29311 0.50328
1403636689963555584 4.96462 -3.09603 -1.26119 -0.23637 0.78015 0.28527 0.50410
1403636690263555584 4.95508 -3.00729 -1.22888 -0.21786 0.77843 0.29353 0.51032
1403636690463555584 4.98170 -2.94524 -1.19046 -0.21440 0.77658 0.29438 0.51410
1403636690563555584 5.00234 -2.91250 -1.17360 -0.22119 0.77614 0.28901 0.51494
1403636690663555328 5.02786 -2.88078 -1.16185 -0.23124 0.77742 0.28125 0.51288
1403636690763555584 5.05893 -2.85160 -1.16007 -0.24820 0.77672 0.26866 0.51276
1403636690963555584 5.13912 -2.81344 -1.19063 -0.27152 0.76569 0.25183 0.52591
1403636691063555584 5.19013 -2.81049 -1.20286 -0.27929 0.75494 0.24678 0.53960
1403636691163555328 5.24397 -2.82418 -1.20706 -0.27820 0.74628 0.24904 0.55104
1403636691263555584 5.29815 -2.85455 -1.20160 -0.26360 0.73767 0.26113 0.56407
1403636691363555328 5.34753 -2.89869 -1.19209 -0.24748 0.73472 0.27459 0.56881
1403636691463555584 5.39182 -2.95217 -1.17678 -0.23893 0.74285 0.28409 0.55713
1403636691563555584 5.43242 -3.01223 -1.15144 -0.23699 0.74999 0.28871 0.54589
1403636691663555328 5.47224 -3.07543 -1.11765 -0.22995 0.75276 0.29620 0.54106
1403636691763555584 5.51216 -3.13971 -1.08513 -0.21957 0.75279 0.30495 0.54047
1403636691863555328 5.54836 -3.20453 -1.05938 -0.21959 0.75378 0.30606 0.53844
1403636691963555584 5.58240 -3.26926 -1.03914 -0.22563 0.75208 0.30229 0.54046
1403636692163555328 5.64519 -3.40322 -1.00065 -0.22397 0.74961 0.30291 0.54421
1403636692263555584 5.67299 -3.47227 -0.97408 -0.21955 0.75071 0.30572 0.54293
1403636692363555328 5.69648 -3.54175 -0.93848 -0.22182 0.75254 0.30380 0.54054
1403636692463555584 5.71851 -3.60999 -0.89637 -0.21824 0.75381 0.30525 0.53941
1403636692663555328 5.75587 -3.74024 -0.79215 -0.21428 0.75457 0.30496 0.54011
1403636692763555584 5.77157 -3.80334 -0.73817 -0.20353 0.75640 0.31091 0.53831
1403636693063555584 5.80363 -3.95894 -0.60680 -0.18954 0.75991 0.31958 0.53336
1403636693363555328 5.81663 -4.05634 -0.52650 -0.20500 0.76832 0.31236 0.51971
1403636693563555584 5.82958 -4.09886 -0.49917 -0.20761 0.78044 0.31204 0.50045
1403636693863555328 5.89016 -4.11909 -0.47312 -0.21144 0.77312 0.31187 0.51021
1403636693963555584 5.91928 -4.11561 -0.46624 -0.21631 0.76414 0.30922 0.52315
1403636694063555584 5.94990 -4.11107 -0.46329 -0.22137 0.75613 0.30656 0.53412
1403636694263555584 6.00763 -4.10552 -0.45790 -0.22336 0.75157 0.30654 0.53971
1403636694563555584 6.08243 -4.10283 -0.42470 -0.21989 0.75852 0.30911 0.52986
1403636694963555584 6.17866 -4.09584 -0.44755 -0.23232 0.76090 0.29562 0.52883
1403636695163555328 6.22876 -4.10283 -0.46600 -0.22612 0.76222 0.29666 0.52904
1403636695363555328 6.28925 -4.10926 -0.47135 -0.21642 0.76018 0.29926 0.53455
1403636695563555584 6.33905 -4.12510 -0.43680 -0.21119 0.75837 0.30034 0.53857
1403636695863555328 6.40532 -4.13868 -0.43212 -0.20871 0.75889 0.29879 0.53968
1403636696063555584 6.43729 -4.14355 -0.45170 -0.20771 0.76510 0.29739 0.53201
1403636696263555584 6.47010 -4.14062 -0.47657 -0.19755 0.76632 0.30234 0.53134
1403636696363555328 6.48697 -4.14002 -0.49479 -0.20162 0.76024 0.29892 0.54040
1403636696463555584 6.49925 -4.13509 -0.50687 -0.21041 0.75405 0.29194 0.54946
1403636696963555584 6.51596 -4.13297 -0.52729 -0.20293 0.75696 0.29514 0.54655
1403636697163555328 6.50416 -4.13923 -0.54588 -0.18060 0.75181 0.30958 0.55347
1403636697463555584 6.43334 -4.10438 -0.51112 -0.19237 0.76090 0.30031 0.54206
1403636697663555328 6.36871 -4.06811 -0.45507 -0.18848 0.76756 0.28801 0.54073
1403636697763555584 6.33733 -4.04937 -0.43404 -0.17722 0.77390 0.27330 0.54312
1403636697863555328 6.30464 -4.02859 -0.41843 -0.16557 0.77937 0.25594 0.54742
1403636697963555584 6.26948 -4.00588 -0.40794 -0.15723 0.78431 0.24001 0.55003
1403636698263555584 6.16055 -3.91871 -0.40705 -0.14299 0.79222 0.21100 0.55445
1403636698363555328 6.12547 -3.89074 -0.41816 -0.13371 0.79482 0.20002 0.55711
1403636698463555584 6.09041 -3.85659 -0.42650 -0.12237 0.79955 0.18495 0.55816
1403636698563555584 6.05373 -3.82608 -0.44401 -0.10874 0.80376 0.16775 0.56036
1403636698663555328 6.01851 -3.79135 -0.46425 -0.09563 0.80843 0.14638 0.56202
1403636698763555584 5.98384 -3.75620 -0.48788 -0.08139 0.81280 0.12275 0.56362
1403636698963555584 5.91796 -3.68151 -0.53784 -0.05175 0.81967 0.07098 0.56606
1403636699063555584 5.88820 -3.64314 -0.55500 -0.03829 0.82136 0.04553 0.56730
1403636699163555328 5.85931 -3.60486 -0.56396 -0.02747 0.82171 0.01710 0.56898
1403636699363555328 5.80361 -3.53734 -0.56298 -0.00257 0.82325 -0.04107 0.56619
1403636699463555584 5.78075 -3.51154 -0.55588 0.00930 0.82299 -0.06830 0.56385
1403636699663555328 5.74205 -3.47343 -0.55385 0.03467 0.81857 -0.11665 0.56136
1403636699763555584 5.72515 -3.46521 -0.56067 0.05170 0.81494 -0.13508 0.56120
1403636699863555328 5.70881 -3.46253 -0.57055 0.06928 0.81087 -0.14492 0.56275
1403636700163555328 5.66350 -3.46367 -0.61718 0.08179 0.80401 -0.16021 0.56676
1403636700363555328 5.63150 -3.47996 -0.66960 0.08169 0.80464 -0.16808 0.56358
1403636700463555584 5.61660 -3.49507 -0.70408 0.08672 0.80271 -0.17644 0.56303
1403636700563555584 5.60047 -3.52226 -0.74430 0.09589 0.79854 -0.18107 0.56599
1403636700763555584 5.56777 -3.55148 -0.81406 0.11962 0.79035 -0.19504 0.56833
1403636700863555328 5.55190 -3.58185 -0.86011 0.12575 0.79071 -0.20099 0.56442
1403636701063555584 5.50772 -3.62717 -0.89895 0.12844 0.79760 -0.20737 0.55167
1403636701263555584 5.47236 -3.67674 -0.90798 0.12649 0.80422 -0.20511 0.54328
1403636701563555584 5.44234 -3.76265 -0.87954 0.12560 0.79919 -0.19382 0.55494
1403636701763555584 5.43129 -3.82098 -0.86728 0.12597 0.79561 -0.19015 0.56124
1403636701863555328 5.42425 -3.85028 -0.86689 0.13046 0.79438 -0.19793 0.55925
1403636701963555584 5.41710 -3.88034 -0.87297 0.13669 0.79156 -0.21142 0.55683
1403636702063555584 5.41055 -3.91022 -0.88509 0.14610 0.78711 -0.22838 0.55404
1403636702263555584 5.39433 -3.97243 -0.92606 0.16916 0.77584 -0.26411 0.54745
1403636702363555328 5.38665 -4.00330 -0.95434 0.17808 0.77491 -0.27520 0.54043
1403636702463555584 5.37927 -4.03399 -0.98510 0.18672 0.77508 -0.28178 0.53385
1403636702563555584 5.37668 -4.06554 -1.02216 0.19283 0.77497 -0.28553 0.52983
1403636702663555328 5.37685 -4.09690 -1.06365 0.19609 0.77657 -0.28830 0.52476
1403636702863555328 5.38695 -4.16090 -1.15747 0.19803 0.77951 -0.28915 0.51917
1403636703163555328 5.43348 -4.26292 -1.27072 0.18887 0.77040 -0.29256 0.53406
1403636703263555584 5.45384 -4.29948 -1.29316 0.18067 0.76407 -0.29699 0.54347
1403636703563555584 5.49556 -4.41944 -1.31697 0.19320 0.76635 -0.28650 0.54158
1403636703963555584 5.53915 -4.57698 -1.31691 0.18731 0.76598 -0.28485 0.54502
1403636704263555584 5.56751 -4.69113 -1.36227 0.18223 0.77307 -0.28289 0.53770
1403636704463555584 5.58857 -4.77276 -1.38754 0.18454 0.77929 -0.27924 0.52979
1403636704663555328 5.62126 -4.85954 -1.38814 0.18491 0.78475 -0.27807 0.52216
1403636704863555328 5.66977 -4.94978 -1.40507 0.18202 0.79326 -0.27776 0.51034
1403636705063555584 5.74279 -5.05023 -1.44187 0.18087 0.79870 -0.27535 0.50353
1403636705163555328 5.79200 -5.10512 -1.46276 0.18482 0.79201 -0.27177 0.51449
1403636705263555584 5.84830 -5.16268 -1.47935 0.19057 0.78403 -0.26647 0.52723
1403636705363555328 5.90867 -5.21808 -1.48950 0.19225 0.78003 -0.26463 0.53345
1403636705563555584 6.03620 -5.32440 -1.50552 0.18875 0.78598 -0.26752 0.52444
1403636705763555584 6.17754 -5.42936 -1.54064 0.18793 0.78436 -0.26919 0.52631
1403636705863555328 6.25332 -5.48172 -1.56024 0.18598 0.77938 -0.27024 0.53381
1403636705963555584 6.33019 -5.53403 -1.57337 0.18005 0.77339 -0.27382 0.54265
1403636706063555584 6.40445 -5.58600 -1.57780 0.16893 0.76823 -0.27982 0.55045
1403636706163555328 6.47490 -5.64084 -1.57849 0.16691 0.76528 -0.27971 0.55521
1403636706363555328 6.60472 -5.75422 -1.59983 0.18459 0.77314 -0.26421 0.54624
1403636706563555584 6.72927 -5.86253 -1.63902 0.19155 0.78017 -0.25798 0.53675
1403636706763555584 6.86090 -5.96070 -1.65365 0.19004 0.78383 -0.26039 0.53075
1403636706963555584 7.00490 -6.05671 -1.64623 0.19068 0.78556 -0.26466 0.52582
1403636707063555584 7.08136 -6.10310 -1.63835 0.19355 0.78189 -0.26538 0.52987
1403636707163555328 7.15841 -6.14833 -1.63106 0.19574 0.77947 -0.26720 0.53171
1403636707363555328 7.32081 -6.23594 -1.60666 0.20026 0.77940 -0.27139 0.52799
1403636707563555584 7.49373 -6.32005 -1.55330 0.19897 0.77938 -0.27506 0.52660
1403636707763555584 7.67659 -6.39864 -1.50549 0.18377 0.77869 -0.28549 0.52761
1403636707863555328 7.76953 -6.44133 -1.49905 0.18158 0.77709 -0.28601 0.53044
1403636707963555584 7.86267 -6.48546 -1.50320 0.18168 0.77562 -0.28367 0.53380
1403636708163555328 8.05129 -6.58075 -1.53350 0.18688 0.77490 -0.27357 0.53829
1403636708263555584 8.14695 -6.62787 -1.55494 0.18307 0.77290 -0.27380 0.54235
1403636708363555328 8.23750 -6.67703 -1.58220 0.17170 0.76782 -0.28028 0.54992
1403636708463555584 8.32563 -6.72880 -1.60560 0.16315 0.76380 -0.28520 0.55556
1403636708663555328 8.48852 -6.84237 -1.63179 0.17374 0.76366 -0.27885 0.55577
1403636708763555584 8.55956 -6.90120 -1.64496 0.18864 0.76526 -0.27020 0.55298
1403636708863555328 8.62896 -6.95668 -1.66361 0.19924 0.76553 -0.26547 0.55118
1403636709063555584 8.76301 -7.05768 -1.69291 0.21141 0.76019 -0.26529 0.55411
1403636709263555584 8.88983 -7.11288 -1.70001 0.21401 0.76241 -0.27090 0.54731
1403636709463555584 9.00383 -7.17164 -1.68459 0.21262 0.76739 -0.27374 0.53941
1403636709663555328 9.13576 -7.19691 -1.70102 0.21214 0.77061 -0.27361 0.53506
1403636709863555328 9.26982 -7.21026 -1.72541 0.20962 0.77164 -0.27154 0.53563
1403636710063555584 9.41275 -7.20638 -1.72697 0.20870 0.77152 -0.26837 0.53775
1403636710263555584 9.56195 -7.19743 -1.72924 0.20533 0.77152 -0.26444 0.54098
1403636710363555328 9.64213 -7.17789 -1.75326 0.19167 0.76919 -0.26899 0.54704
1403636710463555584 9.71947 -7.16255 -1.77568 0.17575 0.76926 -0.26953 0.55200
1403636710563555584 9.79336 -7.14870 -1.80237 0.16098 0.77097 -0.26456 0.55651
1403636710663555328 9.86429 -7.13607 -1.83181 0.15068 0.77350 -0.25515 0.56026
1403636710763555584 9.93144 -7.12457 -1.86298 0.14342 0.77712 -0.24011 0.56380
1403636710863555328 9.99401 -7.11488 -1.88792 0.14175 0.78314 -0.21775 0.56496
1403636710963555584 10.05386 -7.10489 -1.90639 0.13900 0.78888 -0.19647 0.56546
1403636711063555584 10.11084 -7.09332 -1.91813 0.13790 0.79384 -0.17909 0.56456
1403636711163555328 10.16614 -7.07932 -1.92468 0.13768 0.79578 -0.16725 0.56551
1403636711263555584 10.21995 -7.06041 -1.92970 0.13656 0.79637 -0.16108 0.56675
1403636711463555584 10.31959 -7.01083 -1.92867 0.12820 0.78702 -0.16236 0.58121
1403636711563555584 10.36455 -6.98056 -1.92423 0.13142 0.77978 -0.16154 0.59040
1403636711963555584 10.48728 -6.80762 -1.89167 0.12484 0.78419 -0.17661 0.58161
1403636712063555584 10.50026 -6.75396 -1.87447 0.11426 0.78555 -0.18557 0.57915
1403636712263555584 10.52100 -6.65472 -1.82915 0.11473 0.78700 -0.17647 0.57994
1403636712363555328 10.53224 -6.60661 -1.80542 0.11711 0.78937 -0.15835 0.58147
1403636712463555584 10.52597 -6.55311 -1.76177 0.11594 0.79059 -0.14312 0.58399
1403636712563555584 10.52119 -6.49045 -1.72520 0.11095 0.79131 -0.13190 0.58661
1403636712663555328 10.51323 -6.44047 -1.68541 0.10277 0.78864 -0.12483 0.59322
1403636712763555584 10.49761 -6.38007 -1.65114 0.09530 0.78681 -0.12020 0.59783
1403636712863555328 10.47636 -6.31811 -1.62646 0.09059 0.78905 -0.11753 0.59614
1403636713163555328 10.38617 -6.12145 -1.56846 0.08521 0.79456 -0.11542 0.58999
1403636713363555328 10.30385 -5.98948 -1.50600 0.08271 0.79902 -0.11694 0.58399
1403636713563555584 10.21362 -5.85976 -1.41806 0.07600 0.79966 -0.12326 0.58273
1403636713763555584 10.11398 -5.73944 -1.34537 0.06702 0.80185 -0.13397 0.57844
1403636713963555584 10.00630 -5.63579 -1.29877 0.07086 0.80272 -0.13585 0.57633
1403636714163555328 9.89522 -5.54408 -1.27205 0.08166 0.80315 -0.13446 0.57464
1403636714463555584 9.71839 -5.42374 -1.26034 0.07896 0.80577 -0.14138 0.56965
1403636714563555584 9.66114 -5.38697 -1.26603 0.07345 0.81138 -0.13764 0.56331
1403636714663555328 9.60276 -5.35599 -1.27504 0.06629 0.81631 -0.12672 0.55963
1403636714763555584 9.54923 -5.32628 -1.27602 0.05701 0.82042 -0.10979 0.55821
1403636714863555328 9.50149 -5.29940 -1.26985 0.04891 0.82288 -0.08545 0.55961
1403636714963555584 9.46089 -5.27733 -1.25997 0.03726 0.82558 -0.06150 0.55969
1403636715063555584 9.41640 -5.25012 -1.23175 0.02684 0.82739 -0.04126 0.55946
1403636715163555328 9.38063 -5.22609 -1.20427 0.01945 0.82898 -0.02631 0.55831
1403636715363555328 9.32299 -5.17946 -1.15581 0.00814 0.82666 -0.01344 0.56248
1403636715463555584 9.29945 -5.15731 -1.14181 0.00022 0.82249 -0.01536 0.56857
1403636715563555584 9.27716 -5.13727 -1.13463 -0.01257 0.81890 -0.02303 0.57333
1403636715763555584 9.23490 -5.11236 -1.13630 -0.00494 0.80942 -0.02051 0.58685
1403636715863555328 9.21260 -5.10536 -1.13696 0.00246 0.80402 -0.01782 0.59434
1403636716063555584 9.15177 -5.09383 -1.11974 0.00995 0.79938 -0.01847 0.60045
1403636716263555584 9.06937 -5.08342 -1.08941 0.00826 0.80939 -0.02736 0.58658
1403636716463555584 8.97645 -5.07809 -1.07188 0.01120 0.81398 -0.03283 0.57986
1403636716763555584 8.83596 -5.07012 -1.09184 0.00675 0.81309 -0.01879 0.58179
1403636716863555328 8.78875 -5.06552 -1.10705 -0.00295 0.81342 -0.00658 0.58163
1403636716963555584 8.74037 -5.05957 -1.11801 -0.01493 0.81416 0.01086 0.58035
1403636717063555584 8.69075 -5.05345 -1.12121 -0.02788 0.81387 0.03074 0.57956
1403636717163555328 8.64049 -5.04897 -1.11816 -0.03833 0.81306 0.04928 0.57883
1403636717263555584 8.59136 -5.04528 -1.11140 -0.04337 0.81226 0.06450 0.57809
1403636717563555584 8.43743 -5.02620 -1.09008 -0.03872 0.80934 0.09186 0.57882
1403636717763555584 8.33037 -4.99403 -1.10344 -0.04316 0.80937 0.09090 0.57862
1403636717863555328 8.27677 -4.97112 -1.11332 -0.04393 0.80940 0.09758 0.57743
1403636717963555584 8.22136 -4.94249 -1.11837 -0.04789 0.80818 0.10884 0.57681
1403636718063555584 8.16273 -4.90821 -1.11434 -0.05770 0.80662 0.12204 0.57545
1403636718263555584 8.04409 -4.82595 -1.10334 -0.09101 0.80395 0.14353 0.56989
1403636718363555328 7.98658 -4.78313 -1.11276 -0.10387 0.80291 0.15242 0.56685
1403636718463555584 7.92339 -4.73652 -1.12023 -0.11786 0.80169 0.16208 0.56314
1403636718563555584 7.86303 -4.69100 -1.13237 -0.13152 0.79953 0.17184 0.56029
1403636718663555328 7.80826 -4.64570 -1.15880 -0.14602 0.79893 0.17677 0.55600
1403636718763555584 7.75602 -4.60695 -1.18857 -0.15606 0.79810 0.18172 0.55286
1403636719063555584 7.61616 -4.50029 -1.24746 -0.14511 0.79018 0.20614 0.55862
1403636719263555584 7.52473 -4.43338 -1.25141 -0.14722 0.78275 0.20530 0.56876
1403636719463555584 7.42863 -4.37399 -1.27132 -0.15207 0.77982 0.19885 0.57377
1403636719663555328 7.32162 -4.32480 -1.30598 -0.15081 0.78627 0.19476 0.56666
1403636719763555584 7.26400 -4.30478 -1.31636 -0.14878 0.79036 0.19257 0.56224
1403636719963555584 7.15254 -4.26827 -1.31086 -0.14622 0.79462 0.18740 0.55864
1403636720163555328 7.05101 -4.23838 -1.31890 -0.14345 0.79652 0.18593 0.55714
1403636720363555328 6.95538 -4.21199 -1.34485 -0.14514 0.79645 0.18554 0.55693
1403636720563555584 6.86641 -4.19204 -1.37547 -0.14869 0.79683 0.18644 0.55515
1403636720963555584 6.71852 -4.17464 -1.37190 -0.13548 0.80021 0.17065 0.55873
1403636721063555584 6.68633 -4.17398 -1.37563 -0.13038 0.80097 0.15811 0.56254
1403636721163555328 6.65453 -4.17502 -1.38625 -0.12160 0.80182 0.14403 0.56706
1403636721263555584 6.62527 -4.17911 -1.39613 -0.11380 0.80199 0.12955 0.57191
1403636721463555584 6.56535 -4.19370 -1.39407 -0.09893 0.80432 0.11195 0.57511
1403636721563555584 6.53315 -4.20236 -1.38854 -0.09058 0.80642 0.10450 0.57494
1403636721863555328 6.43737 -4.23741 -1.40214 -0.07381 0.80893 0.09142 0.57604
1403636722163555328 6.33660 -4.26629 -1.42527 -0.06720 0.80849 0.09799 0.57639
1403636722563555584 6.19462 -4.28803 -1.42092 -0.06873 0.80990 0.09024 0.57550
1403636722763555584 6.12115 -4.29477 -1.43961 -0.06141 0.81054 0.08780 0.57581
1403636723163555328 5.96941 -4.29459 -1.41971 -0.06519 0.81098 0.08288 0.57549
1403636723463555584 5.85894 -4.28842 -1.41289 -0.05119 0.81017 0.07937 0.57853
1403636723563555584 5.82138 -4.28342 -1.41220 -0.04703 0.80505 0.06796 0.58742
1403636723663555328 5.78422 -4.27791 -1.40666 -0.04474 0.80137 0.05746 0.59372
1403636723763555584 5.74208 -4.27167 -1.39686 -0.03997 0.80668 0.05083 0.58743
1403636723863555328 5.69653 -4.26481 -1.38843 -0.03810 0.81197 0.04456 0.58074
1403636724063555584 5.60283 -4.25221 -1.38576 -0.03173 0.82158 0.03299 0.56825
1403636724163555328 5.55940 -4.24761 -1.39072 -0.02292 0.82425 0.02307 0.56530
1403636724263555584 5.51865 -4.24411 -1.40050 -0.01344 0.82528 0.00878 0.56450
1403636724463555584 5.44428 -4.23725 -1.41987 0.00980 0.82029 -0.02051 0.57150
1403636724563555584 5.40599 -4.23050 -1.41577 0.01861 0.81686 -0.03024 0.57574
1403636724763555584 5.34644 -4.21484 -1.40045 0.02695 0.81591 -0.04150 0.57605
1403636725163555328 5.23106 -4.17059 -1.26992 0.01367 0.81850 -0.04850 0.57229
1403636725563555584 5.13517 -4.14479 -1.13765 0.02041 0.81949 -0.04167 0.57121
1403636726363555328 4.99098 -4.11025 -1.12136 0.01925 0.81588 -0.03597 0.57678
1403636726663555328 4.95112 -4.09624 -1.10298 -0.00560 0.81146 -0.04768 0.58244
1403636726963555584 4.89425 -4.10904 -1.03655 0.00869 0.81111 -0.02885 0.58411
1403636727363555328 4.80406 -4.13760 -0.90231 0.02010 0.81373 -0.01279 0.58076
1403636727863555328 4.66057 -4.11435 -0.75954 0.02108 0.81301 -0.01227 0.58174
1403636728263555584 4.52933 -4.04488 -0.63566 0.01697 0.81091 -0.01661 0.58469
1403636728563555584 4.42224 -3.96496 -0.60250 -0.00240 0.81179 -0.03017 0.58317
1403636728763555584 4.34323 -3.93863 -0.60479 -0.00242 0.81226 -0.01011 0.58321
1403636728863555328 4.30381 -3.91107 -0.58221 -0.00493 0.81244 0.00682 0.58298
1403636728963555584 4.26052 -3.89146 -0.56764 -0.00993 0.81081 0.01961 0.58489
1403636729063555584 4.21729 -3.87077 -0.55596 -0.01462 0.80872 0.02900 0.58730
1403636729263555584 4.12791 -3.82972 -0.55004 -0.02327 0.80978 0.03779 0.58505
1403636729563555584 3.97862 -3.75653 -0.55208 -0.02714 0.80957 0.04094 0.58497
1403636729863555328 3.81784 -3.67757 -0.51427 -0.02694 0.81426 0.03955 0.57853
1403636730063555584 3.71205 -3.62365 -0.50602 -0.02794 0.81781 0.03795 0.57356
1403636730363555328 3.55942 -3.54314 -0.52125 -0.03081 0.81875 0.03788 0.57206
1403636730563555584 3.46685 -3.49191 -0.53501 -0.03049 0.82605 0.03932 0.56139
1403636730763555584 3.39728 -3.43875 -0.51827 -0.03112 0.82971 0.03931 0.55594
1403636730963555584 3.34561 -3.38569 -0.47638 -0.04001 0.83028 0.03281 0.55493
1403636731063555584 3.32740 -3.36121 -0.46130 -0.05005 0.82661 0.02471 0.56000
1403636731363555328 3.28728 -3.31507 -0.43881 -0.04116 0.81420 0.02742 0.57848
1403636732063555584 3.18983 -3.30698 -0.53270 -0.03609 0.81345 0.03292 0.57958
1403636732463555584 3.12620 -3.33373 -0.61796 -0.02406 0.80869 0.04386 0.58610
1403636732563555584 3.10257 -3.33842 -0.62091 -0.01202 0.80446 0.05268 0.59154
1403636732863555328 3.00303 -3.32332 -0.60016 -0.02349 0.79969 0.04741 0.59808
1403636733063555584 2.91543 -3.29844 -0.59279 -0.02623 0.80502 0.04696 0.59080
1403636733363555328 2.76590 -3.24564 -0.55143 -0.02725 0.81030 0.04879 0.58334
1403636733563555584 2.66027 -3.20132 -0.50044 -0.03215 0.81518 0.04638 0.57645
1403636733863555328 2.50237 -3.12951 -0.45275 -0.03274 0.81914 0.04730 0.57071
1403636734063555584 2.40199 -3.07784 -0.44259 -0.02759 0.81374 0.05042 0.57839
1403636734363555328 2.24868 -2.99281 -0.41861 -0.03448 0.81332 0.04630 0.57894
1403636734563555584 2.14756 -2.93354 -0.37931 -0.03762 0.81753 0.04650 0.57277
1403636734863555328 2.00375 -2.85126 -0.35517 -0.03789 0.82044 0.05076 0.56821
1403636735163555328 1.88057 -2.77015 -0.37119 -0.04114 0.82033 0.04970 0.56824
1403636735663555328 1.72359 -2.65329 -0.28619 -0.03655 0.81973 0.03835 0.57030
1403636736063555584 1.63932 -2.57200 -0.21131 -0.03502 0.81846 0.04015 0.57209
1403636736163555328 1.62903 -2.55288 -0.19441 -0.04194 0.81552 0.04859 0.57516
1403636736363555328 1.59787 -2.51253 -0.14233 -0.05414 0.81195 0.06872 0.57713
1403636736563555584 1.56312 -2.48176 -0.10414 -0.05113 0.80920 0.08739 0.57874
1403636736863555328 1.50928 -2.40325 -0.10232 -0.05103 0.80672 0.09686 0.58070
1403636737063555584 1.46277 -2.34119 -0.11458 -0.06076 0.80750 0.09546 0.57891
1403636737263555584 1.41012 -2.27278 -0.13742 -0.07199 0.80787 0.09417 0.57731
1403636737463555584 1.35765 -2.20467 -0.15818 -0.07450 0.81256 0.09816 0.56971
1403636737663555328 1.31147 -2.14205 -0.14730 -0.08124 0.81580 0.09670 0.56438
1403636737863555328 1.27707 -2.09134 -0.12266 -0.08919 0.81806 0.09084 0.56087
1403636738163555328 1.23660 -2.03805 -0.01201 -0.08366 0.81653 0.09055 0.56398
1403636738563555584 1.22082 -1.99839 0.07075 -0.07257 0.81939 0.07991 0.56299
1403636738663555328 1.22632 -1.99362 0.07443 -0.06547 0.82182 0.06701 0.56199
1403636738763555584 1.23070 -1.99231 0.07440 -0.05630 0.82132 0.04883 0.56558
1403636738963555584 1.24763 -1.99050 0.05515 -0.03668 0.81813 0.00166 0.57386
1403636739163555328 1.25949 -2.01729 0.01725 -0.00514 0.81666 -0.04709 0.57517
1403636739363555328 1.26808 -2.06432 -0.03705 0.04545 0.81322 -0.08465 0.57397
1403636739563555584 1.27544 -2.11830 -0.07776 0.08018 0.80796 -0.12415 0.57040
1403636739663555328 1.27310 -2.13155 -0.07602 0.08853 0.80608 -0.13962 0.56825
1403636739963555584 1.28666 -2.19987 -0.10441 0.09499 0.80255 -0.15852 0.56724
1403636740263555584 1.29163 -2.25766 -0.17570 0.10718 0.80431 -0.14457 0.56630
1403636740663555328 1.29458 -2.31302 -0.31014 0.09011 0.80192 -0.14449 0.57265
1403636741063555584 1.28098 -2.38490 -0.40868 0.10538 0.80290 -0.12874 0.57243
1403636741263555584 1.26525 -2.40390 -0.49034 0.10772 0.79729 -0.14478 0.57600
1403636741363555328 1.25690 -2.41016 -0.54657 0.10261 0.79862 -0.15592 0.57216
1403636741563555584 1.23211 -2.42004 -0.63564 0.09764 0.80785 -0.16996 0.55583
1403636741963555584 1.21018 -2.46309 -0.74162 0.11297 0.80656 -0.15594 0.55891
1403636742163555328 1.21177 -2.48248 -0.80783 0.10914 0.81441 -0.15102 0.54956
1403636742363555328 1.22838 -2.49797 -0.84928 0.09762 0.81223 -0.15219 0.55461
1403636742563555584 1.25165 -2.51325 -0.86559 0.09514 0.80687 -0.14872 0.56373
1403636742863555328 1.29045 -2.54106 -0.90252 0.09327 0.80032 -0.14443 0.57440
1403636743063555584 1.30701 -2.55788 -0.96563 0.09390 0.80352 -0.15090 0.56812
1403636743163555328 1.31316 -2.56683 -1.00243 0.09327 0.81369 -0.15978 0.55107
1403636743263555584 1.32251 -2.57886 -1.03501 0.09503 0.82234 -0.16501 0.53619
1403636743563555584 1.39335 -2.63624 -1.08747 0.09734 0.81735 -0.17199 0.54118
1403636743763555584 1.46903 -2.69130 -1.13462 0.10876 0.80720 -0.16649 0.55577
1403636743963555584 1.54765 -2.74522 -1.20832 0.11688 0.79799 -0.17549 0.56458
1403636744163555328 1.62711 -2.79615 -1.30515 0.12742 0.79280 -0.18549 0.56641
1403636744363555328 1.70012 -2.83815 -1.42352 0.12710 0.78720 -0.19981 0.56942
1403636744663555328 1.78861 -2.90040 -1.63799 0.11290 0.78095 -0.21077 0.57701
1403636744863555328 1.82567 -2.95163 -1.78935 0.12602 0.78281 -0.20100 0.57527
1403636744963555584 1.83628 -2.97549 -1.85529 0.12833 0.78761 -0.19803 0.56919
1403636745063555584 1.84651 -2.99907 -1.91193 0.12638 0.79295 -0.19641 0.56275
1403636745163555328 1.85753 -3.02202 -1.96102 0.12100 0.79720 -0.19571 0.55816
1403636745463555584 1.90217 -3.09346 -2.06373 0.12184 0.79322 -0.17992 0.56884
1403636745663555328 1.92986 -3.13679 -2.09253 0.12497 0.78864 -0.18336 0.57342
1403636745863555328 1.95308 -3.17221 -2.09092 0.13743 0.78786 -0.18933 0.56969
1403636745963555584 1.96195 -3.18496 -2.08298 0.14603 0.78718 -0.19182 0.56765
1403636746163555328 1.97986 -3.19511 -2.04583 0.15994 0.78703 -0.19548 0.56284
1403636746263555584 1.98850 -3.19186 -2.01662 0.16308 0.78287 -0.19677 0.56728
1403636746363555328 1.99730 -3.18161 -1.98746 0.16546 0.77401 -0.19687 0.57859
1403636746563555584 2.00711 -3.14102 -1.95899 0.15398 0.78158 -0.20329 0.56929
1403636746663555328 2.00960 -3.11441 -1.95849 0.14136 0.79462 -0.20835 0.55243
1403636746763555584 2.01453 -3.08776 -1.96363 0.12607 0.80350 -0.21469 0.54074
1403636746863555328 2.02292 -3.06478 -1.96855 0.11577 0.80428 -0.21822 0.54047
1403636747063555584 2.04830 -3.03609 -1.96688 0.11784 0.80053 -0.21128 0.54829
1403636747163555328 2.06394 -3.02902 -1.95149 0.12718 0.79677 -0.20447 0.55424
1403636747363555328 2.10727 -3.01798 -1.89741 0.14072 0.79322 -0.19700 0.55874
1403636747863555328 2.22854 -2.95602 -1.76451 0.14436 0.79227 -0.20947 0.55461
1403636747963555584 2.25333 -2.94055 -1.72485 0.13336 0.78758 -0.22028 0.55983
1403636748063555584 2.27843 -2.92559 -1.68718 0.12383 0.78416 -0.22988 0.56295
1403636748363555328 2.34917 -2.90452 -1.61148 0.14009 0.78859 -0.22243 0.55590
1403636748663555328 2.41983 -2.89725 -1.54350 0.14508 0.78691 -0.21838 0.55861
1403636748863555328 2.46412 -2.89136 -1.49159 0.13346 0.78271 -0.22976 0.56282
1403636749163555328 2.51592 -2.90110 -1.44305 0.12780 0.77663 -0.24397 0.56656
1403636749363555328 2.53237 -2.92645 -1.40563 0.14634 0.77817 -0.23593 0.56337
1403636749563555584 2.53946 -2.95672 -1.34392 0.16197 0.78153 -0.22519 0.55881
1403636749763555584 2.54700 -2.98040 -1.29057 0.16445 0.78009 -0.22013 0.56210
1403636749863555328 2.55144 -2.98750 -1.27315 0.16203 0.77504 -0.21918 0.57010
1403636750063555584 2.55300 -2.98936 -1.25553 0.15738 0.77132 -0.21479 0.57807
1403636750263555584 2.53732 -2.97455 -1.23989 0.15149 0.77764 -0.21214 0.57212
1403636750463555584 2.51481 -2.95146 -1.19254 0.14558 0.78372 -0.20871 0.56659
1403636750663555328 2.48703 -2.92252 -1.10590 0.14294 0.78637 -0.20180 0.56610
1403636750963555584 2.43982 -2.86881 -0.93165 0.14319 0.79195 -0.19534 0.56049
1403636751363555328 2.38810 -2.78013 -0.72403 0.13655 0.79986 -0.20483 0.54737
1403636751563555584 2.37489 -2.74078 -0.63422 0.12393 0.79096 -0.21306 0.56002
1403636751763555584 2.36364 -2.71367 -0.55402 0.10986 0.79582 -0.20985 0.55729
1403636751963555584 2.34698 -2.69641 -0.48836 0.11308 0.80694 -0.19844 0.54469
1403636752163555328 2.35349 -2.71271 -0.41396 0.11986 0.80528 -0.18872 0.54913
1403636752263555584 2.35940 -2.71858 -0.38013 0.11784 0.80119 -0.18137 0.55795
1403636752463555584 2.37258 -2.73095 -0.29996 0.10174 0.79864 -0.15612 0.57223
1403636752663555328 2.37814 -2.73407 -0.21926 0.07897 0.80756 -0.11982 0.57207
1403636752863555328 2.38470 -2.74259 -0.16816 0.05437 0.81428 -0.07983 0.57238
1403636752963555584 2.38524 -2.74218 -0.15030 0.04588 0.81581 -0.05553 0.57382
1403636753163555328 2.38613 -2.73600 -0.13575 0.02313 0.81876 -0.00775 0.57361
1403636753363555328 2.38474 -2.71492 -0.14572 0.00006 0.81728 0.04024 0.57483
1403636753563555584 2.38275 -2.68302 -0.15355 -0.02868 0.81477 0.05773 0.57620
1403636754163555328 2.34863 -2.54882 -0.13912 -0.03390 0.80643 0.05467 0.58782
1403636754563555584 2.26959 -2.43347 -0.07967 -0.03087 0.80548 0.06272 0.58848
1403636754663555328 2.24001 -2.39913 -0.07011 -0.03728 0.80585 0.07351 0.58635
1403636754863555328 2.17455 -2.31911 -0.06625 -0.05803 0.80388 0.09830 0.58374
1403636754963555584 2.13452 -2.28607 -0.06456 -0.06544 0.80258 0.10777 0.58307
1403636755163555328 2.05470 -2.18489 -0.08852 -0.07412 0.80177 0.11907 0.58094
1403636755363555328 1.95283 -2.10675 -0.06848 -0.07746 0.80950 0.12266 0.56891
1403636755763555584 1.77549 -1.91199 -0.02386 -0.07446 0.81230 0.12001 0.56588
1403636755963555584 1.69431 -1.80481 -0.02522 -0.07731 0.80791 0.11644 0.57249
1403636756163555328 1.61283 -1.69640 -0.01608 -0.07715 0.80531 0.11644 0.57616
1403636756363555328 1.51478 -1.58338 0.00797 -0.07862 0.80388 0.11698 0.57784
1403636756563555584 1.43493 -1.47603 0.01637 -0.07950 0.80293 0.11864 0.57871
1403636756763555584 1.34340 -1.36002 0.00836 -0.08166 0.80110 0.11935 0.58080
1403636756963555584 1.22725 -1.25827 0.03353 -0.08407 0.80103 0.11987 0.58044
1403636757163555328 1.10693 -1.15570 0.05815 -0.08603 0.80141 0.11972 0.57966
1403636757363555328 0.98698 -1.05312 0.06115 -0.08404 0.80215 0.12209 0.57844
1403636757563555584 0.85431 -0.95145 0.05721 -0.08075 0.80714 0.13065 0.57003
1403636757663555328 0.78899 -0.90142 0.06115 -0.08313 0.81312 0.13824 0.55930
1403636757763555584 0.71878 -0.83970 0.06776 -0.08723 0.81847 0.14431 0.54924
1403636757963555584 0.62044 -0.72015 0.12231 -0.09765 0.81931 0.15050 0.54456
1403636758063555584 0.57952 -0.65492 0.15691 -0.10248 0.81051 0.15144 0.55646
1403636758263555584 0.49827 -0.52855 0.19845 -0.11023 0.79952 0.15009 0.57105
1403636758463555584 0.41562 -0.40829 0.20357 -0.11652 0.80876 0.14615 0.55764
1403636758963555584 0.29365 -0.15643 0.16480 -0.11828 0.80347 0.14133 0.56610
1403636759063555584 0.28112 -0.11732 0.15272 -0.11900 0.80076 0.14100 0.56986
1403636759263555584 0.25652 -0.04961 0.11918 -0.15120 0.80171 0.11907 0.56588
1403636759463555584 0.23911 -0.01694 0.07054 -0.13445 0.79924 0.13218 0.57067
1403636759663555328 0.22078 -0.00848 0.01761 -0.11616 0.79691 0.14723 0.57425
1403636759863555328 0.19615 -0.00746 -0.00060 -0.11471 0.79645 0.14967 0.57455
1403636759963555584 0.18139 -0.00843 -0.00694 -0.11300 0.80264 0.15100 0.56587
1403636760163555328 0.15238 -0.01097 -0.02600 -0.11176 0.81253 0.15100 0.55181
1403636760363555328 0.13449 -0.01178 -0.04774 -0.11574 0.79976 0.14784 0.57021
1403636760563555584 0.11483 -0.01473 -0.08092 -0.11059 0.80017 0.15182 0.56961
1403636760763555584 0.08822 -0.01908 -0.11199 -0.10350 0.80663 0.15816 0.56002
1403636760963555584 0.06505 -0.01375 -0.13644 -0.10202 0.80089 0.16087 0.56770
1403636761163555328 0.03821 0.00153 -0.16538 -0.10614 0.81423 0.15895 0.54817
1403636761363555328 0.02428 0.02638 -0.18657 -0.10566 0.81960 0.16014 0.53986
1403636761563555584 0.02840 0.06066 -0.18938 -0.10929 0.80377 0.15694 0.56337
1403636761663555328 0.03185 0.07749 -0.18847 -0.11398 0.80034 0.15264 0.56848
1403636761863555328 0.03488 0.11021 -0.18035 -0.13086 0.80096 0.13923 0.56741
1403636762063555584 0.03753 0.12188 -0.16570 -0.11040 0.79921 0.15204 0.57092
1403636762163555328 0.03719 0.12727 -0.15594 -0.09221 0.79777 0.16405 0.57285
1403636762363555328 0.03075 0.15051 -0.14785 -0.09142 0.81415 0.16282 0.54980
1403636762563555584 0.03334 0.19103 -0.16946 -0.12623 0.81493 0.13786 0.54859
1403636762763555584 0.04957 0.22198 -0.22183 -0.13741 0.80414 0.13048 0.56343
1403636762863555328 0.05599 0.22418 -0.24146 -0.14031 0.78425 0.12959 0.59031
1403636762963555584 0.04462 0.20954 -0.24599 -0.11834 0.79459 0.13769 0.57936
1403636763163555328 0.02571 0.17905 -0.25565 -0.11297 0.79150 0.09386 0.59325
1403636763263555584 0.02500 0.17658 -0.26705 -0.11364 0.80194 0.09001 0.57955
