1403638523277829376 0.02843 -0.00231 0.39769 -0.04090 0.79940 0.00326 0.59939
1403638523477829376 0.02064 -0.01601 0.32663 -0.03149 0.80182 0.00443 0.59672
1403638523577829632 0.02742 -0.02677 0.27220 -0.02612 0.81110 0.00912 0.58425
1403638523677829632 0.02413 -0.03799 0.21843 -0.02192 0.82089 0.01323 0.57052
1403638523777829376 0.01500 -0.04333 0.17264 -0.02034 0.82612 0.01722 0.56286
1403638523877829632 0.00807 -0.05031 0.12813 -0.01822 0.82696 0.02096 0.56157
1403638523977829376 0.00200 -0.05588 0.09316 -0.01006 0.82701 0.02781 0.56141
1403638524077829632 -0.00412 -0.05806 0.07981 -0.00324 0.83059 0.03603 0.55571
1403638524177829632 -0.00708 -0.05794 0.09530 -0.00475 0.83558 0.04130 0.54780
1403638524277829376 -0.00605 -0.05824 0.13550 -0.01174 0.83676 0.04292 0.54576
1403638524377829632 -0.00147 -0.05807 0.18961 -0.02075 0.83440 0.04101 0.54923
1403638524477829376 0.00291 -0.05862 0.25022 -0.02840 0.82832 0.03980 0.55812
1403638524577829632 0.01003 -0.05818 0.31125 -0.03314 0.82013 0.03979 0.56983
1403638524677829632 0.01887 -0.05770 0.36660 -0.03032 0.81484 0.03523 0.57781
1403638524777829376 0.03564 -0.05326 0.40439 -0.01832 0.81117 0.03075 0.58372
1403638525077829632 0.02242 -0.05034 0.43727 -0.01582 0.80524 0.03215 0.59186
1403638525277829376 0.03526 -0.05086 0.35683 -0.01458 0.80729 0.04224 0.58847
1403638525377829632 0.03393 -0.05160 0.30311 -0.01666 0.81669 0.04682 0.57493
1403638525477829376 0.03050 -0.05185 0.24984 -0.02569 0.82918 0.04871 0.55626
1403638525577829632 0.02561 -0.05256 0.20229 -0.03156 0.83825 0.04778 0.54227
1403638525677829632 0.03409 -0.05033 0.15847 -0.02459 0.84131 0.03922 0.53856
1403638525777829376 0.02231 -0.05496 0.13188 -0.03224 0.83945 0.04126 0.54090
1403638525877829632 0.02123 -0.05682 0.11108 -0.02539 0.83602 0.03720 0.54685
1403638525977829376 0.01798 -0.06549 0.10069 -0.01733 0.83494 0.03645 0.54886
1403638526077829632 0.01267 -0.08099 0.10972 -0.01376 0.83873 0.03590 0.54318
1403638526177829632 0.00919 -0.11587 0.10805 -0.01211 0.83897 0.02579 0.54343
1403638526277829376 0.00487 -0.15252 0.12221 -0.00857 0.83766 0.01655 0.54587
1403638526377829632 -0.00308 -0.19457 0.13780 -0.00539 0.83375 0.00742 0.55207
1403638526477829376 -0.01284 -0.24112 0.15125 -0.00380 0.82863 -0.00370 0.55977
1403638526577829632 -0.02346 -0.29415 0.16103 -0.00323 0.82311 -0.01430 0.56770
1403638526677829632 -0.03683 -0.35479 0.16907 0.00142 0.81778 -0.02285 0.57508
1403638526777829376 -0.05069 -0.42104 0.17488 0.00812 0.81494 -0.02724 0.57885
1403638526877829632 -0.06698 -0.48804 0.17903 0.01581 0.81418 -0.03031 0.57960
1403638526977829376 -0.08325 -0.55203 0.18216 0.01945 0.81735 -0.03641 0.57466
1403638527077829632 -0.08947 -0.61286 0.18275 0.02135 0.82233 -0.04608 0.56675
1403638527177829632 -0.09480 -0.66477 0.18630 0.02648 0.82528 -0.05942 0.56096
1403638527277829376 -0.09833 -0.70431 0.19211 0.03769 0.82337 -0.07282 0.56154
1403638527377829632 -0.09580 -0.72699 0.19714 0.05224 0.81914 -0.08078 0.56547
1403638527477829376 -0.09168 -0.72842 0.20035 0.06372 0.81607 -0.08577 0.56798
1403638527677829632 -0.06074 -0.67592 0.19816 0.05811 0.81686 -0.07863 0.56848
1403638527777829376 -0.04165 -0.62788 0.19587 0.05113 0.81834 -0.07042 0.56811
1403638527877829632 -0.02247 -0.57240 0.19662 0.03606 0.82141 -0.06480 0.56550
1403638527977829376 -0.00480 -0.51337 0.19944 0.02584 0.82200 -0.05991 0.56574
1403638528077829632 0.01017 -0.45352 0.20244 0.01904 0.82063 -0.05263 0.56871
1403638528177829632 0.02619 -0.39619 0.20181 0.01074 0.82066 -0.04467 0.56957
1403638528277829376 0.04898 -0.34520 0.19706 -0.00194 0.82181 -0.03394 0.56874
1403638528377829632 0.08016 -0.30338 0.19205 -0.00909 0.82128 -0.02583 0.56987
1403638528677829632 0.17920 -0.24154 0.18595 -0.00466 0.82386 -0.03618 0.56562
1403638528877829632 0.23465 -0.22674 0.19175 -0.00254 0.82215 -0.04955 0.56710
1403638529177829632 0.17959 -0.19225 0.22047 0.01073 0.82348 -0.05191 0.56486
1403638529277829376 0.14664 -0.16782 0.21861 0.02271 0.82517 -0.04618 0.56253
1403638529377829632 0.10808 -0.15257 0.21305 0.02681 0.83031 -0.04178 0.55509
1403638529477829376 0.07601 -0.13811 0.19273 0.02581 0.84001 -0.03936 0.54053
1403638529577829632 0.05119 -0.11434 0.16345 0.02449 0.84993 -0.03700 0.52503
1403638529677829632 0.03257 -0.11506 0.14050 0.02551 0.85374 -0.03363 0.51899
1403638529777829376 0.02357 -0.09932 0.11765 0.02482 0.85007 -0.03280 0.52507
1403638529877829632 0.01427 -0.08819 0.09966 0.02374 0.84372 -0.03402 0.53517
1403638529977829376 0.02705 -0.07923 0.07775 0.02344 0.84116 -0.03427 0.53919
1403638530077829632 0.02740 -0.08411 0.07080 0.02413 0.84251 -0.03475 0.53701
1403638530177829632 0.03999 -0.08369 0.05988 0.02552 0.84408 -0.03938 0.53416
1403638530277829376 0.05493 -0.08597 0.05084 0.02820 0.84346 -0.04561 0.53450
1403638530377829632 0.06783 -0.09022 0.04084 0.03142 0.84268 -0.05116 0.53506
1403638530477829376 0.07812 -0.09532 0.03362 0.03225 0.84237 -0.05529 0.53508
1403638530577829632 0.08545 -0.10041 0.02782 0.03209 0.84235 -0.05893 0.53474
1403638530677829632 0.08959 -0.10479 0.02232 0.03360 0.84522 -0.06136 0.52982
1403638530777829376 0.09210 -0.10822 0.01672 0.03445 0.84841 -0.06360 0.52438
1403638530977829376 0.09501 -0.11119 0.00888 0.03243 0.84672 -0.06378 0.52721
1403638531177829632 0.09454 -0.10989 0.00750 0.03401 0.84125 -0.06036 0.53618
1403638538877829632 0.09534 -0.10910 0.00677 0.03838 0.83589 -0.05966 0.54430
1403638538977829376 0.09864 -0.10975 0.00904 0.03824 0.83123 -0.05870 0.55150
1403638539077829632 0.10302 -0.11102 0.01221 0.03976 0.82564 -0.06026 0.55956
1403638539177829632 0.11055 -0.11212 0.01955 0.03881 0.82049 -0.06054 0.56712
1403638539277829376 0.11928 -0.11357 0.03445 0.03849 0.81683 -0.05975 0.57249
1403638539377829632 0.12797 -0.11444 0.05799 0.03796 0.81779 -0.05915 0.57121
1403638539577829632 0.14547 -0.11751 0.11967 0.03704 0.82085 -0.05663 0.56712
1403638539677829632 0.15948 -0.11916 0.14650 0.03486 0.82150 -0.05600 0.56638
1403638539877829632 0.18254 -0.12264 0.17228 0.03459 0.82521 -0.05387 0.56118
1403638540077829632 0.21950 -0.11877 0.19421 0.03278 0.83563 -0.05368 0.54568
1403638540277829376 0.27510 -0.12759 0.20572 0.03358 0.83543 -0.05239 0.54606
1403638540377829632 0.31593 -0.13056 0.21667 0.03426 0.82947 -0.05029 0.55523
1403638540477829376 0.35896 -0.13131 0.22226 0.03101 0.82727 -0.04427 0.55920
1403638540577829632 0.40103 -0.13678 0.23090 0.02365 0.82761 -0.03281 0.55985
1403638540677829632 0.44722 -0.14020 0.23706 0.01516 0.82789 -0.01563 0.56046
1403638540777829376 0.49569 -0.14013 0.24159 0.00710 0.82713 0.00832 0.56190
1403638540877829632 0.54487 -0.13751 0.24797 -0.00312 0.82652 0.03606 0.56175
1403638540977829376 0.59143 -0.13296 0.25098 -0.01676 0.82500 0.06219 0.56145
1403638541077829632 0.63173 -0.12147 0.25087 -0.03057 0.82282 0.08162 0.56158
1403638541177829632 0.68878 -0.10830 0.23978 -0.04043 0.82101 0.09491 0.56151
1403638541277829376 0.73390 -0.08837 0.24365 -0.04555 0.82009 0.10374 0.56091
1403638541477829376 0.85081 -0.02099 0.25376 -0.04958 0.81942 0.10764 0.56080
1403638541677829632 0.95488 0.06328 0.29203 -0.05403 0.81600 0.11203 0.56451
1403638541777829376 1.00112 0.11265 0.31550 -0.06519 0.81441 0.11842 0.56432
1403638541877829632 1.04719 0.16722 0.35161 -0.07855 0.81273 0.12819 0.56291
1403638541977829376 1.08896 0.21613 0.37653 -0.09198 0.81126 0.14347 0.55930
1403638542077829632 1.14060 0.28485 0.40701 -0.10630 0.80886 0.16061 0.55556
1403638542177829632 1.17505 0.33435 0.42115 -0.12152 0.80479 0.18023 0.55233
1403638542277829376 1.21852 0.40046 0.44622 -0.13589 0.80069 0.20301 0.54701
1403638542377829632 1.27489 0.46822 0.45224 -0.14838 0.79308 0.22392 0.54669
1403638542477829376 1.31418 0.53192 0.46146 -0.15402 0.77954 0.24363 0.55610
1403638542577829632 1.35632 0.59678 0.46748 -0.14968 0.76754 0.26169 0.56568
1403638542677829632 1.39365 0.66642 0.47647 -0.14977 0.76420 0.27072 0.56592
1403638542777829376 1.42210 0.73992 0.49088 -0.15877 0.76822 0.26965 0.55850
1403638542877829632 1.44236 0.81507 0.51208 -0.16574 0.77344 0.26672 0.55062
1403638543077829632 1.47455 0.97036 0.56970 -0.17221 0.78147 0.26019 0.54032
1403638543377829632 1.52119 1.21225 0.62644 -0.17142 0.78414 0.25395 0.53968
1403638543477829376 1.53834 1.29541 0.63620 -0.17349 0.78314 0.25805 0.53852
1403638543577829632 1.55432 1.38056 0.64309 -0.17846 0.78016 0.26890 0.53590
1403638543677829632 1.56705 1.46567 0.64805 -0.18578 0.77434 0.28665 0.53265
1403638543777829376 1.58068 1.55482 0.65319 -0.19599 0.76622 0.30784 0.52890
1403638543877829632 1.59374 1.64696 0.66670 -0.20751 0.75616 0.33008 0.52555
1403638543977829376 1.60575 1.74328 0.68865 -0.22134 0.74761 0.34825 0.52040
1403638544077829632 1.61538 1.84093 0.71560 -0.23608 0.74352 0.35940 0.51213
1403638544177829632 1.62315 1.94114 0.74309 -0.24661 0.74021 0.36579 0.50741
1403638544277829376 1.63373 2.04090 0.76351 -0.25361 0.73742 0.36922 0.50553
1403638544477829376 1.66081 2.23681 0.78593 -0.25473 0.73715 0.37303 0.50257
1403638544677829632 1.69138 2.43389 0.80858 -0.26194 0.72787 0.37173 0.51323
1403638544977829376 1.73957 2.71821 0.85348 -0.26156 0.73129 0.37587 0.50549
1403638545277829376 1.79392 2.99381 0.84926 -0.26212 0.72920 0.37876 0.50607
1403638545477829376 1.83331 3.17577 0.82011 -0.26601 0.72655 0.37880 0.50782
1403638545577829632 1.85377 3.26672 0.80732 -0.27019 0.72443 0.38550 0.50358
1403638545677829632 1.86983 3.35833 0.80230 -0.27892 0.71900 0.39687 0.49774
1403638545777829376 1.88637 3.45132 0.80652 -0.28758 0.71147 0.41307 0.49038
1403638545877829632 1.90347 3.54470 0.81797 -0.29846 0.70096 0.43238 0.48232
1403638545977829376 1.92143 3.63778 0.83556 -0.30822 0.68862 0.45422 0.47380
1403638546077829632 1.93698 3.73054 0.85717 -0.31461 0.67674 0.47300 0.46832
1403638546177829632 1.95150 3.82424 0.87269 -0.32231 0.66799 0.48540 0.46292
1403638546277829376 1.96502 3.91933 0.88144 -0.32737 0.66325 0.49292 0.45821
1403638546377829632 1.97799 4.01426 0.88513 -0.33390 0.66169 0.49507 0.45342
1403638546577829632 2.00183 4.20722 0.87875 -0.33793 0.65921 0.49957 0.44907
1403638546677829632 2.01078 4.30468 0.88177 -0.34182 0.65433 0.50540 0.44675
1403638546777829376 2.01899 4.40485 0.89363 -0.34447 0.64969 0.51115 0.44493
1403638546977829376 2.03470 4.61000 0.93164 -0.34401 0.64272 0.52076 0.44427
1403638547177829632 2.04148 4.81781 0.94817 -0.33933 0.63808 0.52752 0.44658
1403638547377829632 2.03435 5.02912 0.94665 -0.34079 0.63806 0.52699 0.44612
1403638547577829632 2.01453 5.24594 0.92828 -0.34878 0.64453 0.52002 0.43877
1403638547877829632 1.97916 5.58442 0.87079 -0.34364 0.64246 0.52113 0.44451
1403638548077829632 1.94626 5.82003 0.83542 -0.34669 0.64185 0.52379 0.43986
1403638548177829632 1.92525 5.94256 0.83018 -0.35123 0.63800 0.52916 0.43541
1403638548277829376 1.90053 6.06703 0.83214 -0.35785 0.63156 0.53753 0.42912
1403638548377829632 1.87364 6.19180 0.84414 -0.36550 0.62210 0.54886 0.42208
1403638548577829632 1.81860 6.44426 0.87914 -0.38011 0.60462 0.56706 0.41036
1403638548777829376 1.76351 6.70365 0.89813 -0.38742 0.59534 0.57626 0.40422
1403638548977829376 1.70848 6.96762 0.93460 -0.38996 0.59221 0.57983 0.40127
1403638549177829632 1.65162 7.23238 0.99598 -0.39153 0.59205 0.57915 0.40096
1403638549377829632 1.59439 7.50560 1.08019 -0.39435 0.59454 0.57579 0.39935
1403638549577829632 1.53880 7.78593 1.15790 -0.39743 0.59611 0.57195 0.39946
1403638549777829376 1.48848 8.06565 1.22177 -0.39722 0.59585 0.57099 0.40143
1403638549977829376 1.44414 8.34886 1.30245 -0.39620 0.59811 0.57126 0.39869
1403638550177829632 1.40826 8.64037 1.41272 -0.39746 0.59876 0.57115 0.39661
1403638550377829632 1.37953 8.93000 1.54466 -0.39722 0.59719 0.57266 0.39704
1403638550477829376 1.36784 9.07297 1.60657 -0.40013 0.59760 0.57137 0.39536
1403638550577829632 1.35653 9.21757 1.66071 -0.40403 0.59802 0.56934 0.39369
1403638550677829632 1.34758 9.36289 1.70873 -0.40881 0.59640 0.56600 0.39602
1403638550877829632 1.33894 9.64661 1.79355 -0.41735 0.59189 0.55980 0.40262
1403638550977829376 1.33751 9.78409 1.82938 -0.42282 0.58781 0.55526 0.40912
1403638551077829632 1.34017 9.91661 1.86041 -0.42634 0.58542 0.55235 0.41282
1403638551177829632 1.34665 10.04331 1.89351 -0.43061 0.58593 0.54963 0.41129
1403638551377829632 1.37574 10.26804 1.97309 -0.42665 0.59531 0.54556 0.40736
1403638551477829376 1.40006 10.37211 2.00820 -0.41929 0.60782 0.53619 0.40895
1403638551577829632 1.43049 10.47281 2.03779 -0.41312 0.62297 0.51981 0.41358
1403638551677829632 1.46891 10.56728 2.06067 -0.40648 0.63982 0.50137 0.41717
1403638551777829376 1.51501 10.65624 2.07971 -0.39758 0.65381 0.48292 0.42574
1403638551877829632 1.56884 10.73882 2.09621 -0.38774 0.66425 0.46741 0.43585
1403638551977829376 1.63041 10.81509 2.11759 -0.37605 0.66750 0.45989 0.44893
1403638552077829632 1.69731 10.88596 2.14820 -0.36648 0.66894 0.45505 0.45950
1403638552177829632 1.76774 10.94886 2.18371 -0.36068 0.67374 0.45203 0.46007
1403638552377829632 1.92061 11.06203 2.26303 -0.35861 0.67860 0.44843 0.45806
1403638552477829376 2.00202 11.11106 2.29881 -0.36577 0.67483 0.44312 0.46309
1403638552577829632 2.08695 11.15432 2.32845 -0.37114 0.67106 0.43986 0.46740
1403638552777829376 2.26821 11.21764 2.36747 -0.37083 0.66816 0.44357 0.46829
1403638552977829376 2.46118 11.25225 2.38908 -0.36390 0.66468 0.45369 0.46898
1403638553177829632 2.66081 11.26284 2.39148 -0.36545 0.65869 0.45793 0.47209
1403638553277829376 2.76135 11.25942 2.39182 -0.37262 0.65299 0.45481 0.47739
1403638553377829632 2.86145 11.24736 2.39723 -0.37409 0.64787 0.45577 0.48228
1403638553477829376 2.96025 11.22446 2.40851 -0.37051 0.64250 0.45931 0.48882
1403638553577829632 3.05524 11.19047 2.42592 -0.36734 0.63817 0.46231 0.49404
1403638553777829376 3.23342 11.08548 2.47689 -0.36306 0.63762 0.46640 0.49407
1403638553977829376 3.39355 10.95035 2.54610 -0.35980 0.64262 0.46808 0.48835
1403638554177829632 3.54053 10.79258 2.59974 -0.35315 0.64895 0.47255 0.48046
1403638554277829376 3.61009 10.71274 2.61772 -0.34494 0.65493 0.47842 0.47244
1403638554377829632 3.67628 10.63178 2.63270 -0.33875 0.65834 0.48303 0.46746
1403638554577829632 3.80226 10.46973 2.65031 -0.33699 0.66060 0.48510 0.46338
1403638554777829376 3.92578 10.30680 2.67680 -0.34765 0.66363 0.47817 0.45836
1403638554977829376 4.05039 10.15525 2.71666 -0.35318 0.66437 0.47333 0.45808
1403638555077829632 4.11552 10.07867 2.73406 -0.34963 0.66740 0.46939 0.46045
1403638555177829632 4.18433 9.99891 2.74232 -0.34316 0.67328 0.46293 0.46328
1403638555277829376 4.25201 9.91641 2.74479 -0.33728 0.67928 0.45498 0.46670
1403638555377829632 4.32600 9.83500 2.74335 -0.33044 0.68227 0.45051 0.47154
1403638555477829376 4.39857 9.75368 2.73890 -0.32488 0.68420 0.44768 0.47530
1403638555577829632 4.46966 9.67335 2.73365 -0.32274 0.68538 0.44528 0.47730
1403638555677829632 4.54133 9.59371 2.73110 -0.32227 0.68702 0.44385 0.47659
1403638555777829376 4.61068 9.51356 2.73892 -0.32131 0.68818 0.44430 0.47515
1403638555977829376 4.74689 9.35144 2.77809 -0.31933 0.68686 0.44719 0.47568
1403638556177829632 4.88615 9.20417 2.82149 -0.31691 0.69124 0.44904 0.46917
1403638556277829376 4.95498 9.13454 2.83551 -0.31544 0.69439 0.45011 0.46446
1403638556477829376 5.10175 9.00244 2.85232 -0.31217 0.69936 0.45217 0.45715
1403638556677829632 5.25814 8.89181 2.87133 -0.31942 0.70469 0.44578 0.45018
1403638556777829376 5.34064 8.84220 2.88978 -0.32611 0.70145 0.44107 0.45506
1403638556877829632 5.43343 8.79293 2.91411 -0.33211 0.69981 0.43695 0.45722
1403638556977829376 5.52493 8.74683 2.94310 -0.33561 0.69837 0.43444 0.45925
1403638557177829632 5.72519 8.66235 2.98554 -0.33291 0.69522 0.43783 0.46275
1403638557277829376 5.83829 8.61071 2.99323 -0.33203 0.69411 0.43907 0.46388
1403638557377829632 5.94951 8.56457 2.99873 -0.32982 0.69280 0.44132 0.46527
1403638557577829632 6.17814 8.47353 3.02039 -0.32053 0.68702 0.44922 0.47272
1403638557677829632 6.29219 8.42965 3.04051 -0.31840 0.68561 0.45127 0.47426
1403638557777829376 6.40441 8.38537 3.06129 -0.31863 0.68513 0.45103 0.47502
1403638557977829376 6.62431 8.30080 3.08432 -0.31342 0.68599 0.45423 0.47420
1403638558077829632 6.72879 8.26051 3.08856 -0.31244 0.68971 0.45503 0.46865
1403638558277829376 6.94034 8.18966 3.09469 -0.30590 0.69959 0.45824 0.45499
1403638558377829632 7.04471 8.16711 3.10820 -0.30105 0.70097 0.46100 0.45331
1403638558477829376 7.14974 8.14975 3.13193 -0.29454 0.70469 0.46466 0.44805
1403638558677829632 7.36537 8.14172 3.19769 -0.30390 0.70808 0.45694 0.44438
1403638558777829376 7.47838 8.15133 3.23362 -0.31183 0.70777 0.45084 0.44561
1403638558877829632 7.59604 8.16724 3.25951 -0.31457 0.70642 0.44875 0.44793
1403638558977829376 7.71606 8.18540 3.28387 -0.31654 0.70159 0.44756 0.45527
1403638559077829632 7.83766 8.20614 3.29917 -0.31734 0.69713 0.44730 0.46177
1403638559277829376 8.08225 8.25307 3.31065 -0.31578 0.69081 0.44984 0.46980
1403638559377829632 8.20376 8.27824 3.30768 -0.31232 0.68846 0.45298 0.47254
1403638559477829376 8.32327 8.30436 3.29935 -0.31032 0.68612 0.45500 0.47531
1403638559577829632 8.43679 8.33031 3.28716 -0.30934 0.68399 0.45637 0.47770
1403638559677829632 8.55185 8.36144 3.26697 -0.31001 0.68290 0.45653 0.47866
1403638559777829376 8.66102 8.39276 3.25521 -0.31042 0.68197 0.45736 0.47894
1403638559977829376 8.87260 8.45950 3.23925 -0.31069 0.68631 0.45078 0.47880
1403638560077829632 8.97525 8.49306 3.22665 -0.30532 0.69427 0.43795 0.48267
1403638560177829632 9.07655 8.52597 3.20734 -0.29571 0.70412 0.41989 0.49037
1403638560277829376 9.17794 8.55826 3.18304 -0.28355 0.71510 0.39873 0.49924
1403638560377829632 9.27709 8.58793 3.15638 -0.27243 0.72318 0.37434 0.51251
1403638560477829376 9.37368 8.61743 3.12680 -0.25987 0.73153 0.34913 0.52481
1403638560577829632 9.46554 8.63996 3.09638 -0.24861 0.74105 0.32230 0.53401
1403638560677829632 9.55934 8.65943 3.05373 -0.23924 0.75184 0.29458 0.53919
1403638560777829376 9.64768 8.67101 3.01954 -0.23219 0.76090 0.26917 0.54283
1403638560877829632 9.73407 8.67506 2.99214 -0.22171 0.76760 0.24652 0.54851
1403638560977829376 9.81921 8.67174 2.97220 -0.20966 0.77207 0.22571 0.55588
1403638561077829632 9.90349 8.65946 2.96124 -0.19775 0.77484 0.20601 0.56398
1403638561177829632 9.98374 8.63939 2.95689 -0.18712 0.77645 0.18850 0.57147
1403638561277829376 10.05937 8.61277 2.95843 -0.18042 0.77694 0.17511 0.57720
1403638561377829632 10.12854 8.57859 2.96326 -0.17135 0.78173 0.17033 0.57492
1403638561477829376 10.19165 8.53842 2.96469 -0.15762 0.78762 0.17402 0.56968
1403638561577829632 10.25099 8.49380 2.95965 -0.14777 0.79111 0.17863 0.56603
1403638561777829376 10.36235 8.40207 2.93387 -0.14297 0.79291 0.18372 0.56311
1403638561977829376 10.46452 8.30591 2.88652 -0.13532 0.79331 0.17993 0.56566
1403638562077829632 10.51253 8.25641 2.86134 -0.12809 0.79518 0.17126 0.56741
1403638562177829632 10.55703 8.19790 2.83945 -0.12058 0.79712 0.16161 0.56916
1403638562277829376 10.59505 8.15566 2.82946 -0.11422 0.79816 0.15344 0.57128
1403638562377829632 10.63157 8.10725 2.82245 -0.10817 0.79914 0.14143 0.57417
1403638562477829376 10.66391 8.05786 2.81968 -0.10007 0.80160 0.12530 0.57596
1403638562577829632 10.69393 8.00828 2.82513 -0.09024 0.80411 0.10500 0.57813
1403638562677829632 10.72136 7.95782 2.83671 -0.08131 0.80718 0.08074 0.57908
1403638562777829376 10.74557 7.90335 2.84880 -0.07231 0.80900 0.05438 0.58081
1403638562877829632 10.76436 7.84551 2.85721 -0.05859 0.81036 0.02947 0.58225
1403638562977829376 10.77982 7.78344 2.86003 -0.04399 0.81125 0.00671 0.58300
1403638563077829632 10.78948 7.71846 2.85769 -0.03479 0.81124 -0.01760 0.58341
1403638563177829632 10.79479 7.64764 2.84981 -0.02282 0.81118 -0.03744 0.58315
1403638563277829376 10.79653 7.57314 2.83735 -0.01121 0.80817 -0.05133 0.58660
1403638563377829632 10.79296 7.49439 2.82038 -0.00464 0.80052 -0.06104 0.59617
1403638563477829376 10.78541 7.41283 2.79816 -0.00345 0.79457 -0.06806 0.60333
1403638563577829632 10.76985 7.32703 2.77495 0.00212 0.79520 -0.06776 0.60254
1403638563677829632 10.74768 7.23740 2.75731 0.00230 0.79872 -0.06783 0.59786
1403638563877829632 10.68453 7.03988 2.74549 -0.00385 0.80064 -0.06708 0.59536
1403638564177829632 10.54804 6.70700 2.75050 -0.01359 0.80021 -0.05839 0.59671
1403638564377829632 10.42884 6.46136 2.74568 -0.01295 0.79716 -0.04779 0.60173
1403638564577829632 10.28074 6.19656 2.76615 -0.01515 0.79759 -0.04273 0.60150
1403638564777829376 10.10693 5.92016 2.78318 -0.02395 0.79988 -0.04861 0.59770
1403638564877829632 10.01177 5.77728 2.78202 -0.02594 0.79941 -0.05113 0.59804
1403638564977829376 9.91153 5.63058 2.76172 -0.02760 0.79894 -0.05301 0.59843
1403638565077829632 9.80703 5.47713 2.72527 -0.02873 0.79940 -0.05376 0.59771
1403638565177829632 9.70039 5.31905 2.67345 -0.02907 0.80020 -0.05409 0.59658
1403638565277829376 9.59152 5.15280 2.61555 -0.02748 0.80125 -0.05326 0.59532
1403638565377829632 9.47992 4.98308 2.55531 -0.02466 0.80235 -0.05207 0.59407
1403638565477829376 9.36395 4.80720 2.49604 -0.02169 0.80180 -0.05109 0.59500
1403638565577829632 9.24552 4.62649 2.44418 -0.01504 0.79975 -0.04877 0.59815
1403638565677829632 9.12104 4.44309 2.40037 -0.00327 0.79948 -0.04282 0.59915
1403638565777829376 8.98775 4.26061 2.36332 0.00596 0.80206 -0.03838 0.59598
1403638565877829632 8.84874 4.08317 2.33288 0.01347 0.80411 -0.03501 0.59329
1403638565977829376 8.70820 3.90579 2.30418 0.01590 0.80589 -0.03548 0.59079
1403638566077829632 8.56566 3.73282 2.26895 0.01736 0.80692 -0.03586 0.58931
1403638566177829632 8.42300 3.56447 2.22518 0.01534 0.80714 -0.03736 0.58898
1403638566277829376 8.28018 3.39805 2.17472 0.01594 0.80683 -0.03649 0.58945
1403638566377829632 8.13764 3.23673 2.11624 0.01627 0.80786 -0.03548 0.58808
1403638566477829376 7.99475 3.08096 2.04955 0.01316 0.80816 -0.03624 0.58770
1403638566577829632 7.85315 2.92781 1.97825 0.01262 0.81141 -0.03444 0.58333
1403638566677829632 7.71207 2.77808 1.89856 0.01197 0.82072 -0.03261 0.57028
1403638566777829376 7.57561 2.62906 1.81419 0.01134 0.83234 -0.03061 0.55330
1403638566877829632 7.44665 2.48274 1.72628 0.00974 0.84032 -0.02934 0.54121
1403638566977829376 7.32311 2.33592 1.63601 0.00958 0.84422 -0.02629 0.53526
1403638567077829632 7.21176 2.19178 1.54894 0.00911 0.83620 -0.02462 0.54780
1403638567177829632 7.10634 2.05070 1.45949 0.01081 0.82397 -0.02234 0.56609
1403638567277829376 7.00485 1.91340 1.36673 0.01371 0.81537 -0.02039 0.57842
1403638567377829632 6.89762 1.77855 1.26772 0.01657 0.81338 -0.01961 0.58116
1403638567477829376 6.79498 1.64942 1.17653 0.01842 0.81437 -0.02040 0.57970
1403638567577829632 6.68912 1.52260 1.09094 0.01961 0.81797 -0.02181 0.57452
1403638567677829632 6.58640 1.40103 1.01404 0.02284 0.82129 -0.02215 0.56963
1403638567777829376 6.48662 1.28417 0.94538 0.02473 0.82461 -0.02258 0.56471
1403638567877829632 6.39213 1.17297 0.88565 0.02375 0.82807 -0.02481 0.55957
1403638567977829376 6.30342 1.06472 0.83302 0.02342 0.82904 -0.02568 0.55811
1403638568077829632 6.21804 0.96107 0.78868 0.02627 0.82877 -0.02379 0.55847
1403638568177829632 6.13633 0.86086 0.75164 0.02805 0.82789 -0.02228 0.55975
1403638568377829632 5.98332 0.68137 0.69124 0.02927 0.82788 -0.02295 0.55967
1403638568577829632 5.84117 0.52166 0.61810 0.03081 0.82972 -0.02212 0.55689
1403638568677829632 5.77440 0.44855 0.57887 0.03201 0.83131 -0.02051 0.55451
1403638568877829632 5.66128 0.32206 0.51162 0.02981 0.83180 -0.02218 0.55384
1403638569077829632 5.57061 0.21468 0.47627 0.03308 0.83095 -0.01945 0.55503
1403638569277829376 5.49916 0.13041 0.46407 0.03590 0.83290 -0.01849 0.55195
1403638569677829632 5.41811 0.02615 0.40563 0.03725 0.82903 -0.01876 0.55765
1403638570277829376 5.39455 0.02684 0.37844 0.02362 0.82447 -0.02735 0.56475
1403638570477829376 5.40338 0.05611 0.34286 0.01305 0.82368 -0.05024 0.56467
1403638570577829632 5.40850 0.05490 0.32140 0.00603 0.82102 -0.07729 0.56561
1403638570677829632 5.40870 0.05391 0.28561 0.00677 0.81576 -0.10656 0.56845
1403638570777829376 5.40948 0.04151 0.25059 0.01390 0.80465 -0.13419 0.57822
1403638570977829376 5.39286 -0.01406 0.17363 0.04163 0.78481 -0.17986 0.59161
1403638571077829632 5.37370 -0.05906 0.13435 0.05835 0.78214 -0.19888 0.58762
1403638571177829632 5.34448 -0.11224 0.09670 0.07967 0.78486 -0.21099 0.57717
1403638571277829376 5.30572 -0.17258 0.06778 0.09976 0.78611 -0.21728 0.56997
1403638571377829632 5.26493 -0.23935 0.04929 0.11225 0.78553 -0.22255 0.56641
1403638571477829376 5.21920 -0.30868 0.05034 0.11801 0.78274 -0.22724 0.56723
1403638571577829632 5.16665 -0.38088 0.03276 0.12479 0.78031 -0.23154 0.56739
1403638571777829376 5.05173 -0.53368 0.00117 0.13905 0.77931 -0.25477 0.55536
1403638571877829632 4.99129 -0.61355 -0.02140 0.14669 0.77624 -0.27280 0.54910
1403638571977829376 4.92793 -0.69679 -0.04139 0.15467 0.77010 -0.29291 0.54519
1403638572177829632 4.79018 -0.87640 -0.05573 0.17986 0.75624 -0.32719 0.53731
1403638572277829376 4.71565 -0.97259 -0.05380 0.19407 0.75189 -0.34376 0.52804
1403638572377829632 4.63956 -1.07214 -0.05445 0.20739 0.74698 -0.36212 0.51757
1403638572477829376 4.56241 -1.17682 -0.05862 0.22127 0.74298 -0.37520 0.50817
1403638572577829632 4.48706 -1.28486 -0.06468 0.23217 0.73916 -0.38387 0.50238
1403638572677829632 4.41435 -1.39690 -0.06833 0.23800 0.73738 -0.38930 0.49807
1403638572777829376 4.34488 -1.51233 -0.06470 0.24596 0.73873 -0.38907 0.49235
1403638572877829632 4.27921 -1.63081 -0.05255 0.24963 0.74116 -0.38830 0.48744
1403638572977829376 4.21857 -1.75209 -0.03605 0.25025 0.74333 -0.38713 0.48474
1403638573177829632 4.10973 -1.99991 -0.01564 0.24779 0.74702 -0.38448 0.48243
1403638573377829632 4.02111 -2.25566 -0.00202 0.24554 0.74917 -0.38145 0.48265
1403638573477829376 3.98319 -2.38547 0.00852 0.24872 0.74927 -0.38144 0.48088
1403638573577829632 3.95337 -2.51816 0.02798 0.25059 0.74918 -0.38168 0.47985
1403638573677829632 3.93040 -2.65329 0.05522 0.25360 0.74954 -0.38220 0.47729
1403638573777829376 3.91367 -2.79175 0.08616 0.26056 0.74595 -0.38548 0.47652
1403638573877829632 3.90299 -2.93308 0.11566 0.27419 0.73576 -0.39094 0.48025
1403638573977829376 3.89887 -3.07556 0.13784 0.28590 0.72048 -0.40439 0.48543
1403638574077829632 3.89773 -3.21530 0.15290 0.29167 0.70036 -0.42595 0.49294
1403638574177829632 3.89675 -3.35206 0.16149 0.29762 0.67828 -0.45005 0.49881
1403638574277829376 3.88932 -3.48449 0.16670 0.30700 0.65965 -0.47241 0.49743
1403638574377829632 3.87592 -3.61342 0.16754 0.31961 0.64638 -0.49237 0.48745
1403638574477829376 3.85627 -3.73980 0.16537 0.33319 0.63484 -0.51042 0.47479
1403638574577829632 3.83108 -3.86091 0.16721 0.34372 0.62410 -0.52471 0.46588
1403638574677829632 3.80201 -3.98154 0.17568 0.35558 0.61765 -0.53191 0.45733
1403638574777829376 3.76960 -4.09940 0.19075 0.36628 0.61738 -0.53450 0.44608
1403638574877829632 3.73626 -4.21290 0.20825 0.36762 0.61940 -0.53889 0.43681
1403638574977829376 3.70264 -4.32224 0.22298 0.36632 0.62172 -0.54209 0.43059
1403638575177829632 3.63624 -4.54224 0.23270 0.35281 0.61777 -0.55059 0.43674
1403638575377829632 3.56007 -4.76385 0.22624 0.34619 0.61985 -0.55121 0.43830
1403638575477829376 3.51703 -4.87939 0.21551 0.34429 0.62540 -0.54938 0.43419
1403638575577829632 3.47297 -4.99902 0.20560 0.34342 0.63051 -0.54676 0.43079
1403638575677829632 3.42730 -5.12055 0.20339 0.34695 0.63690 -0.54135 0.42537
1403638575777829376 3.38117 -5.24625 0.20805 0.34799 0.64343 -0.53817 0.41867
1403638575877829632 3.33803 -5.37717 0.22273 0.34788 0.64768 -0.53596 0.41501
1403638575977829376 3.29932 -5.51412 0.24675 0.34727 0.64814 -0.53512 0.41590
1403638576077829632 3.26403 -5.65522 0.27695 0.34779 0.64888 -0.53361 0.41625
1403638576177829632 3.23231 -5.79989 0.31255 0.34852 0.64743 -0.53308 0.41857
1403638576277829376 3.20366 -5.94746 0.34563 0.35254 0.64803 -0.53037 0.41771
1403638576377829632 3.17930 -6.09851 0.37278 0.35717 0.64955 -0.52731 0.41528
1403638576477829376 3.15998 -6.25296 0.39368 0.36108 0.65206 -0.52476 0.41117
1403638576577829632 3.14678 -6.40958 0.41008 0.36576 0.65607 -0.52178 0.40440
1403638576677829632 3.14139 -6.56870 0.42174 0.36897 0.65741 -0.51963 0.40207
1403638576777829376 3.14476 -6.72906 0.43010 0.37386 0.65496 -0.51598 0.40622
1403638576877829632 3.15542 -6.88941 0.43311 0.37649 0.64992 -0.51428 0.41398
1403638576977829376 3.17357 -7.04865 0.43160 0.37443 0.64355 -0.51611 0.42341
1403638577077829632 3.19666 -7.20555 0.42907 0.37012 0.63974 -0.51952 0.42876
1403638577177829632 3.22224 -7.36045 0.43362 0.36717 0.63695 -0.52164 0.43287
1403638577277829376 3.25111 -7.51428 0.44474 0.36750 0.63752 -0.52134 0.43211
1403638577377829632 3.28207 -7.66623 0.46414 0.37418 0.64168 -0.51639 0.42611
1403638577477829376 3.31805 -7.81465 0.48938 0.37862 0.64410 -0.51309 0.42252
1403638577577829632 3.36004 -7.96112 0.51110 0.37570 0.64405 -0.51490 0.42299
1403638577677829632 3.40664 -8.10505 0.52595 0.37226 0.64297 -0.51717 0.42491
1403638577877829632 3.50993 -8.38837 0.53628 0.36918 0.64267 -0.51856 0.42636
1403638577977829376 3.56727 -8.52559 0.53726 0.37004 0.64314 -0.51724 0.42650
1403638578077829632 3.62921 -8.66288 0.54202 0.36909 0.64227 -0.51723 0.42865
1403638578177829632 3.69368 -8.79918 0.55511 0.36450 0.63922 -0.51976 0.43404
1403638578277829376 3.75976 -8.93550 0.57448 0.35603 0.63440 -0.52534 0.44136
1403638578377829632 3.82265 -9.07009 0.59272 0.35393 0.63207 -0.52697 0.44443
1403638578577829632 3.94301 -9.33701 0.61163 0.35397 0.63116 -0.52803 0.44443
1403638578777829376 4.05260 -9.59466 0.61500 0.36165 0.63363 -0.52338 0.44021
1403638578977829376 4.16423 -9.84287 0.60735 0.36930 0.63780 -0.51745 0.43482
1403638579177829632 4.28367 -10.08580 0.62413 0.37022 0.63863 -0.51546 0.43519
1403638579377829632 4.41291 -10.31560 0.66559 0.36220 0.63464 -0.52021 0.44207
1403638579477829376 4.47918 -10.42602 0.68237 0.35647 0.63046 -0.52411 0.44806
1403638579577829632 4.54381 -10.53492 0.69338 0.35513 0.62799 -0.52138 0.45570
1403638579677829632 4.60774 -10.64171 0.69978 0.35718 0.62858 -0.50924 0.46689
1403638579777829376 4.66879 -10.74306 0.70093 0.35548 0.63908 -0.49016 0.47430
1403638579877829632 4.72953 -10.83989 0.69486 0.34476 0.65913 -0.46880 0.47636
1403638579977829376 4.79205 -10.93172 0.68392 0.32763 0.67910 -0.44371 0.48435
1403638580077829632 4.85476 -11.01900 0.67087 0.31299 0.69353 -0.40922 0.50357
1403638580177829632 4.91650 -11.09760 0.65469 0.29280 0.70769 -0.37238 0.52419
1403638580277829376 4.97750 -11.16535 0.63300 0.26621 0.72457 -0.33763 0.53864
1403638580377829632 5.03409 -11.22593 0.60534 0.23572 0.74072 -0.31130 0.54668
1403638580477829376 5.08465 -11.28177 0.57411 0.20943 0.75229 -0.29479 0.55072
1403638580577829632 5.13053 -11.33558 0.54198 0.19181 0.75954 -0.28143 0.55416
1403638580677829632 5.17053 -11.38459 0.51116 0.17643 0.76948 -0.26679 0.55280
1403638580777829376 5.20784 -11.43249 0.48776 0.16617 0.77946 -0.25185 0.54900
1403638580877829632 5.23932 -11.47632 0.47270 0.16152 0.78628 -0.24094 0.54555
1403638580977829376 5.27137 -11.52066 0.46792 0.15576 0.78768 -0.23746 0.54672
1403638581177829632 5.33362 -11.60922 0.48477 0.15732 0.78867 -0.23412 0.54630
1403638581277829376 5.36502 -11.64977 0.50001 0.16176 0.78873 -0.23407 0.54492
1403638581377829632 5.39730 -11.69079 0.51500 0.16522 0.78752 -0.23522 0.54515
1403638581477829376 5.43040 -11.72988 0.53186 0.16808 0.78544 -0.23685 0.54657
1403638581577829632 5.46417 -11.76848 0.55523 0.17103 0.78498 -0.23876 0.54549
1403638581677829632 5.50051 -11.80709 0.57873 0.17611 0.78085 -0.23885 0.54973
1403638581777829376 5.53660 -11.84412 0.59583 0.17806 0.77732 -0.24049 0.55339
1403638581877829632 5.57062 -11.87754 0.60512 0.18085 0.77427 -0.24041 0.55678
1403638581977829376 5.60178 -11.90770 0.61105 0.18457 0.76667 -0.23893 0.56663
1403638582077829632 5.62956 -11.93171 0.61543 0.18330 0.76842 -0.24070 0.56390
1403638582177829632 5.65529 -11.95073 0.62778 0.17933 0.77579 -0.24393 0.55362
1403638582277829376 5.68002 -11.96700 0.65142 0.17974 0.77882 -0.24391 0.54922
1403638582477829376 5.72563 -11.98918 0.72906 0.18423 0.77444 -0.24003 0.55560
1403638582977829376 5.81959 -11.97599 1.04184 0.18226 0.78023 -0.24267 0.54694
1403638583077829632 5.83091 -11.96363 1.08604 0.18115 0.78278 -0.24400 0.54305
1403638583677829632 5.94440 -11.84960 1.29861 0.18207 0.78591 -0.24387 0.53827
1403638583777829376 5.96323 -11.82169 1.32453 0.18169 0.78558 -0.24392 0.53886
1403638584077829632 6.03564 -11.73292 1.40487 0.18542 0.78135 -0.24103 0.54500
1403638584177829632 6.05718 -11.69769 1.41544 0.18922 0.77233 -0.23795 0.55775
1403638584277829376 6.07974 -11.65832 1.42296 0.19121 0.76322 -0.23605 0.57028
1403638584577829632 6.12363 -11.50730 1.41801 0.19300 0.76050 -0.23439 0.57398
1403638584777829376 6.12311 -11.37591 1.43751 0.18676 0.76911 -0.23802 0.56298
1403638584877829632 6.12254 -11.30187 1.44806 0.18047 0.77669 -0.24247 0.55262
1403638585077829632 6.12038 -11.15107 1.47060 0.17835 0.78148 -0.24493 0.54543
1403638585277829376 6.12315 -11.00091 1.47197 0.17725 0.77946 -0.24574 0.54830
1403638585477829376 6.12706 -10.84580 1.45476 0.17810 0.77759 -0.24533 0.55086
1403638585677829632 6.13028 -10.68861 1.45841 0.17730 0.78190 -0.24537 0.54497
1403638585777829376 6.13118 -10.60643 1.47081 0.17432 0.78672 -0.24764 0.53792
1403638585977829376 6.14349 -10.44915 1.52179 0.17022 0.79028 -0.25179 0.53206
1403638586077829632 6.14908 -10.37197 1.55259 0.17222 0.78600 -0.25121 0.53799
1403638586277829376 6.17141 -10.22554 1.59597 0.17648 0.78044 -0.24979 0.54532
1403638586477829376 6.19341 -10.08012 1.62035 0.19045 0.77560 -0.24139 0.55128
1403638586677829632 6.21282 -9.92396 1.62207 0.18989 0.77569 -0.24245 0.55088
1403638586877829632 6.22886 -9.76075 1.59979 0.18362 0.77417 -0.24617 0.55349
1403638586977829376 6.23468 -9.67578 1.58118 0.18387 0.77382 -0.24603 0.55396
1403638587177829632 6.24727 -9.50220 1.54215 0.18272 0.77484 -0.24650 0.55270
1403638587377829632 6.25802 -9.32098 1.53423 0.18148 0.77816 -0.24695 0.54822
1403638587577829632 6.26726 -9.13643 1.54024 0.17890 0.77845 -0.24971 0.54741
1403638587777829376 6.27671 -8.95336 1.52725 0.17865 0.77784 -0.25066 0.54793
1403638587977829376 6.28676 -8.77334 1.49445 0.17761 0.77723 -0.25206 0.54848
1403638588177829632 6.29665 -8.59636 1.44565 0.18531 0.77772 -0.24658 0.54774
1403638588377829632 6.30270 -8.41581 1.39991 0.18857 0.77887 -0.24345 0.54637
1403638588577829632 6.31336 -8.22699 1.38748 0.18437 0.77816 -0.24617 0.54761
1403638588777829376 6.31859 -8.03069 1.40503 0.18045 0.77597 -0.24879 0.55082
1403638588877829632 6.31895 -7.93169 1.41087 0.17795 0.77530 -0.25102 0.55157
1403638589077829632 6.31942 -7.73229 1.40338 0.17875 0.77541 -0.25160 0.55089
1403638589277829376 6.31538 -7.53355 1.37324 0.18010 0.77411 -0.25110 0.55251
1403638589477829376 6.30923 -7.33462 1.34114 0.17986 0.77466 -0.25160 0.55160
1403638589677829632 6.29895 -7.13648 1.33445 0.17874 0.77510 -0.25208 0.55111
1403638589877829632 6.28558 -6.93659 1.34950 0.17910 0.77708 -0.25356 0.54751
1403638590077829632 6.27099 -6.73770 1.34569 0.17916 0.77697 -0.25495 0.54701
1403638590277829376 6.25370 -6.54273 1.32433 0.17943 0.77512 -0.25587 0.54912
1403638590477829376 6.23154 -6.35118 1.28744 0.17963 0.77600 -0.25657 0.54747
1403638590677829632 6.20654 -6.16383 1.25858 0.17667 0.77878 -0.25815 0.54374
1403638590877829632 6.18301 -5.98392 1.26338 0.17608 0.78046 -0.25855 0.54132
1403638591077829632 6.16288 -5.80872 1.29182 0.17353 0.78214 -0.26063 0.53872
1403638591177829632 6.15342 -5.72357 1.30167 0.17266 0.78647 -0.26161 0.53218
1403638591277829376 6.14698 -5.64407 1.30543 0.17014 0.79242 -0.26369 0.52306
1403638591377829632 6.14726 -5.56530 1.30570 0.16695 0.79674 -0.26631 0.51615
1403638591477829376 6.15334 -5.49358 1.29844 0.16430 0.79947 -0.26848 0.51165
1403638591577829632 6.16388 -5.42826 1.28517 0.16164 0.80216 -0.27085 0.50700
1403638591877829632 6.23448 -5.27648 1.23842 0.16329 0.79818 -0.27024 0.51304
1403638592077829632 6.30917 -5.21366 1.23494 0.16463 0.79289 -0.26855 0.52163
1403638592177829632 6.35604 -5.18941 1.24646 0.16287 0.79003 -0.26678 0.52740
1403638592277829376 6.40506 -5.17133 1.27106 0.15789 0.78459 -0.26150 0.53954
1403638592377829632 6.45280 -5.15647 1.30406 0.14892 0.78205 -0.25269 0.54988
1403638592477829376 6.49830 -5.14452 1.34397 0.13719 0.78458 -0.23897 0.55543
1403638592577829632 6.53903 -5.13856 1.38920 0.12933 0.79194 -0.22484 0.55276
1403638592677829632 6.57788 -5.13671 1.43917 0.12272 0.79936 -0.21356 0.54804
1403638592777829376 6.61675 -5.13804 1.48768 0.11762 0.80642 -0.20597 0.54170
1403638592977829376 6.69894 -5.15212 1.56712 0.11287 0.81388 -0.19761 0.53462
1403638593177829632 6.79279 -5.18201 1.63132 0.11211 0.81284 -0.19525 0.53721
1403638593277829376 6.84334 -5.20409 1.66847 0.11883 0.80949 -0.19123 0.54224
1403638593377829632 6.89640 -5.22909 1.71185 0.12762 0.80605 -0.18587 0.54722
1403638593477829376 6.95125 -5.25393 1.75460 0.13564 0.80147 -0.18175 0.55337
1403638593577829632 7.00511 -5.27693 1.79015 0.13995 0.79852 -0.18028 0.55703
1403638593777829376 7.11629 -5.31147 1.84218 0.14365 0.79396 -0.18018 0.56261
1403638593877829632 7.16952 -5.32229 1.86679 0.13926 0.78354 -0.18020 0.57811
1403638593977829376 7.21705 -5.32854 1.89455 0.13257 0.78014 -0.17692 0.58524
1403638594077829632 7.25907 -5.33058 1.92575 0.12427 0.78568 -0.17471 0.58029
1403638594277829376 7.32720 -5.32622 1.99571 0.12270 0.79406 -0.16533 0.57190
1403638594477829376 7.38338 -5.31188 2.06511 0.12893 0.79176 -0.15498 0.57661
1403638594677829632 7.42431 -5.28011 2.15545 0.11777 0.79257 -0.16014 0.57648
1403638595177829632 7.48038 -5.17407 2.31219 0.11411 0.79684 -0.16745 0.56920
1403638595877829632 7.47879 -5.00726 2.34299 0.12245 0.79969 -0.16313 0.56471
1403638596177829632 7.46937 -4.91759 2.29764 0.14351 0.80181 -0.14883 0.56067
1403638596377829632 7.46794 -4.82761 2.28229 0.16453 0.80380 -0.13262 0.55610
1403638596577829632 7.47915 -4.69183 2.30081 0.17686 0.80423 -0.12223 0.55407
1403638596777829376 7.50806 -4.49693 2.34995 0.18849 0.80447 -0.11288 0.55187
1403638596877829632 7.53016 -4.37321 2.38542 0.19215 0.80371 -0.10996 0.55231
1403638596977829376 7.55641 -4.23378 2.42163 0.19399 0.80229 -0.10920 0.55387
1403638597077829632 7.58542 -4.07898 2.45199 0.19681 0.80127 -0.10809 0.55457
1403638597177829632 7.61835 -3.91105 2.47761 0.19892 0.79948 -0.10753 0.55650
1403638597277829376 7.65668 -3.72594 2.49815 0.19639 0.79686 -0.11071 0.56053
1403638597377829632 7.69614 -3.52585 2.51132 0.19157 0.79507 -0.11581 0.56370
1403638597477829376 7.73597 -3.31101 2.51787 0.18290 0.79166 -0.12303 0.56982
1403638597577829632 7.77592 -3.08377 2.51987 0.17014 0.78695 -0.13272 0.57806
1403638597677829632 7.81439 -2.84859 2.51719 0.16579 0.78455 -0.13692 0.58159
1403638597777829376 7.85195 -2.60622 2.50975 0.17004 0.78635 -0.13186 0.57909
1403638597877829632 7.88888 -2.35512 2.49934 0.17436 0.78907 -0.12044 0.57659
1403638597977829376 7.92403 -2.09447 2.48764 0.17548 0.79087 -0.11102 0.57568
1403638598077829632 7.95979 -1.82259 2.48110 0.16864 0.79119 -0.10830 0.57780
1403638598177829632 7.99163 -1.53944 2.48180 0.14694 0.79281 -0.11738 0.57973
1403638598277829376 8.02056 -1.24990 2.48590 0.12942 0.79486 -0.12568 0.57935
1403638598377829632 8.04636 -0.96049 2.48841 0.11833 0.79688 -0.13075 0.57782
1403638598477829376 8.06853 -0.67230 2.48360 0.11392 0.79937 -0.13236 0.57490
1403638598577829632 8.08844 -0.38632 2.47173 0.10872 0.80157 -0.13020 0.57333
1403638598677829632 8.10697 -0.10231 2.45326 0.10421 0.80405 -0.12161 0.57259
1403638598777829376 8.12421 0.18019 2.43577 0.09571 0.80637 -0.11082 0.57300
1403638598877829632 8.14033 0.46089 2.42443 0.08639 0.80749 -0.09636 0.57552
1403638598977829376 8.15261 0.73818 2.41604 0.07637 0.80999 -0.07986 0.57593
1403638599077829632 8.16369 1.01471 2.41358 0.06437 0.81143 -0.06310 0.57745
1403638599177829632 8.17143 1.28929 2.41845 0.05242 0.81275 -0.04529 0.57848
1403638599277829376 8.17642 1.56424 2.42843 0.04157 0.81473 -0.02610 0.57775
1403638599377829632 8.17837 1.83844 2.44604 0.02926 0.81795 -0.00875 0.57448
1403638599477829376 8.17970 2.11154 2.46722 0.02041 0.82007 0.00444 0.57188
1403638599577829632 8.18043 2.38170 2.48505 0.01519 0.82235 0.01285 0.56864
1403638599677829632 8.18052 2.64942 2.49289 0.01170 0.82372 0.01745 0.56660
1403638599777829376 8.18345 2.91435 2.49246 0.01062 0.82377 0.01848 0.56652
1403638599877829632 8.18884 3.17753 2.48430 0.00880 0.82500 0.01601 0.56483
1403638599977829376 8.19767 3.43815 2.47129 0.00508 0.82518 0.01040 0.56475
1403638600077829632 8.21065 3.69405 2.45654 -0.00141 0.82632 0.00257 0.56320
1403638600177829632 8.22666 3.94414 2.43966 -0.01348 0.82813 -0.00926 0.56030
1403638600277829376 8.24439 4.18797 2.41928 -0.02328 0.83032 -0.02002 0.55644
1403638600377829632 8.26724 4.42107 2.39899 -0.03083 0.83185 -0.02871 0.55340
1403638600477829376 8.29427 4.64131 2.38237 -0.03707 0.83308 -0.03533 0.55078
1403638600577829632 8.32577 4.84640 2.37498 -0.03498 0.83373 -0.03595 0.54989
1403638600677829632 8.36084 5.03682 2.37556 -0.03778 0.83524 -0.03903 0.54719
1403638600777829376 8.40201 5.21380 2.38342 -0.03736 0.83897 -0.03891 0.54150
1403638600877829632 8.44799 5.37451 2.39762 -0.02646 0.84277 -0.03006 0.53679
1403638600977829376 8.50221 5.52305 2.40953 -0.00970 0.84482 -0.01646 0.53471
1403638601077829632 8.56399 5.66678 2.41700 -0.00056 0.84518 -0.00830 0.53441
1403638601177829632 8.63213 5.80524 2.41915 0.00722 0.84376 -0.00172 0.53667
1403638601277829376 8.70691 5.94367 2.41845 0.01653 0.83736 0.00598 0.54637
1403638601377829632 8.78794 6.08272 2.41620 0.01364 0.83233 0.01005 0.55402
1403638601477829376 8.87321 6.22410 2.41917 0.00048 0.82793 0.01490 0.56064
1403638601577829632 8.96097 6.36624 2.42801 -0.01034 0.82309 0.02921 0.56707
1403638601677829632 9.04767 6.50692 2.44326 -0.02168 0.82040 0.04958 0.56923
1403638601777829376 9.13257 6.64901 2.46533 -0.03427 0.81735 0.07524 0.57018
1403638601877829632 9.21372 6.79377 2.49393 -0.04813 0.81216 0.10452 0.57197
1403638601977829376 9.28977 6.94053 2.52442 -0.06293 0.80887 0.12807 0.57042
1403638602077829632 9.36409 7.08684 2.54903 -0.07436 0.80709 0.14513 0.56746
1403638602177829632 9.43585 7.23326 2.56826 -0.08029 0.80231 0.16091 0.56918
1403638602277829376 9.50135 7.38223 2.57970 -0.08787 0.79515 0.17838 0.57289
1403638602377829632 9.55971 7.54312 2.59515 -0.11029 0.78405 0.19084 0.58024
1403638602477829376 9.61351 7.68850 2.61484 -0.14533 0.76196 0.19732 0.59947
1403638602577829632 9.65430 7.83488 2.64521 -0.18053 0.74036 0.20214 0.61515
1403638602677829632 9.68010 7.96618 2.68041 -0.20109 0.73006 0.21558 0.61652
1403638602777829376 9.68958 8.07862 2.72119 -0.21205 0.72569 0.23527 0.61078
1403638602877829632 9.68512 8.17612 2.76507 -0.22292 0.72230 0.25474 0.60308
1403638602977829376 9.66881 8.26216 2.80738 -0.24229 0.72242 0.26998 0.58866
1403638603077829632 9.63727 8.33021 2.85335 -0.26080 0.71749 0.28447 0.57989
1403638603177829632 9.60076 8.38789 2.88913 -0.27275 0.71020 0.29864 0.57624
1403638603277829376 9.55710 8.42499 2.91244 -0.27089 0.71753 0.31574 0.55864
1403638603377829632 9.50829 8.45453 2.92946 -0.26392 0.73023 0.33014 0.53677
1403638603477829376 9.45933 8.47616 2.93985 -0.26041 0.73851 0.33742 0.52244
1403638603577829632 9.41218 8.49111 2.94766 -0.26177 0.73636 0.34162 0.52207
1403638603677829632 9.36581 8.50595 2.95205 -0.26408 0.72861 0.34400 0.53015
1403638603777829376 9.31852 8.51336 2.95001 -0.25797 0.71992 0.35028 0.54081
1403638603977829376 9.20741 8.51885 2.92302 -0.24678 0.70528 0.35829 0.55974
1403638604177829632 9.06118 8.51050 2.88421 -0.24024 0.70088 0.36239 0.56544
1403638604277829376 8.97104 8.50208 2.87648 -0.24665 0.70491 0.35868 0.56002
1403638604377829632 8.87126 8.48812 2.87140 -0.25213 0.71249 0.35574 0.54976
1403638604477829376 8.76252 8.46863 2.87498 -0.24997 0.72026 0.35727 0.53953
1403638604577829632 8.64992 8.44940 2.88391 -0.24801 0.72486 0.35854 0.53339
1403638604677829632 8.53548 8.42794 2.88676 -0.25059 0.72816 0.35683 0.52883
1403638604777829376 8.42200 8.40539 2.88675 -0.25462 0.73026 0.35405 0.52587
1403638604877829632 8.30719 8.37945 2.88697 -0.25552 0.73354 0.35326 0.52138
1403638604977829376 8.19155 8.35171 2.88953 -0.25294 0.73955 0.35499 0.51290
1403638605077829632 8.08129 8.32235 2.90198 -0.25018 0.74606 0.35693 0.50338
1403638605177829632 7.97355 8.29859 2.91883 -0.24749 0.75011 0.35899 0.49721
1403638605377829632 7.77671 8.26319 2.95711 -0.23741 0.74632 0.36613 0.50258
1403638605477829376 7.68558 8.25199 2.97072 -0.23027 0.73617 0.37195 0.51641
1403638605577829632 7.59210 8.24314 2.97710 -0.22490 0.72769 0.37641 0.52745
1403638605777829376 7.39142 8.24260 2.98431 -0.21894 0.72088 0.38103 0.53593
1403638605977829376 7.16261 8.26268 3.01703 -0.21226 0.71994 0.38485 0.53715
1403638606177829632 6.91264 8.30502 3.04821 -0.20636 0.71975 0.38725 0.53797
1403638606277829376 6.77399 8.33227 3.05222 -0.20447 0.72083 0.38763 0.53697
1403638606377829632 6.63109 8.36630 3.04739 -0.21013 0.72933 0.38290 0.52661
1403638606477829376 6.48496 8.40499 3.03754 -0.21827 0.73963 0.37638 0.51346
1403638606577829632 6.33828 8.45254 3.02229 -0.22520 0.74831 0.37179 0.50108
1403638606677829632 6.19429 8.50532 3.00028 -0.23067 0.75150 0.37398 0.49211
1403638606877829632 5.91796 8.63447 2.94667 -0.24407 0.74770 0.39581 0.47403
1403638606977829376 5.80003 8.70344 2.92144 -0.25491 0.74043 0.41115 0.46662
1403638607077829632 5.67025 8.79784 2.91109 -0.26879 0.73165 0.42538 0.45987
1403638607177829632 5.55967 8.88932 2.90603 -0.28500 0.72204 0.43217 0.45898
1403638607277829376 5.45337 8.98702 2.90095 -0.29864 0.70855 0.43641 0.46723
1403638607377829632 5.35146 9.08530 2.88848 -0.31138 0.70015 0.43636 0.47162
1403638607477829376 5.25425 9.18245 2.86861 -0.31723 0.69702 0.43747 0.47132
1403638607577829632 5.16232 9.27602 2.84120 -0.31923 0.69598 0.43876 0.47032
1403638607677829632 5.07209 9.36664 2.81251 -0.32088 0.69430 0.43862 0.47181
1403638607877829632 4.91140 9.54249 2.74123 -0.32068 0.69511 0.43694 0.47230
1403638607977829376 4.83760 9.62676 2.69781 -0.32294 0.69959 0.43350 0.46730
1403638608177829632 4.70431 9.78764 2.59978 -0.31991 0.69535 0.43130 0.47762
1403638608377829632 4.58242 9.93711 2.48694 -0.31890 0.68516 0.42920 0.49461
1403638608577829632 4.46618 10.06876 2.34984 -0.31726 0.68654 0.42952 0.49348
1403638608677829632 4.40977 10.12764 2.28173 -0.32273 0.68374 0.42576 0.49707
1403638608777829376 4.35598 10.17793 2.21633 -0.32335 0.68371 0.42577 0.49669
1403638608877829632 4.29982 10.22370 2.15733 -0.32214 0.68698 0.42737 0.49157
1403638608977829376 4.24987 10.26259 2.10389 -0.32137 0.69088 0.42852 0.48557
1403638609077829632 4.19624 10.30104 2.05892 -0.32072 0.69364 0.42894 0.48167
1403638609277829376 4.09645 10.36159 1.98238 -0.33048 0.69438 0.42164 0.48046
1403638609477829376 4.00853 10.40945 1.88630 -0.32543 0.69482 0.42393 0.48124
1403638609677829632 3.93831 10.43854 1.76351 -0.31999 0.69379 0.42715 0.48352
1403638609877829632 3.87206 10.46227 1.64044 -0.31916 0.69417 0.42730 0.48340
1403638610277829376 3.77105 10.46613 1.46862 -0.32690 0.68718 0.42066 0.49393
1403638610777829376 3.67292 10.35701 1.19849 -0.33291 0.68024 0.41687 0.50265
1403638610877829632 3.64992 10.31249 1.14712 -0.32916 0.68664 0.42043 0.49338
1403638611177829632 3.59072 10.15474 1.01537 -0.33414 0.68353 0.41877 0.49575
1403638611377829632 3.55309 10.01953 0.92604 -0.32707 0.68093 0.42375 0.49980
1403638611477829376 3.53452 9.94414 0.89258 -0.31488 0.67668 0.43164 0.50661
1403638611577829632 3.50710 9.86549 0.86440 -0.30575 0.67644 0.43664 0.50822
1403638611777829376 3.44955 9.70220 0.81843 -0.30977 0.68450 0.43303 0.49799
1403638611877829632 3.41781 9.62102 0.78912 -0.31485 0.69005 0.42891 0.49064
1403638612077829632 3.35655 9.45616 0.72021 -0.31699 0.69536 0.42610 0.48418
1403638612277829376 3.30174 9.28894 0.67461 -0.31883 0.69664 0.42378 0.48317
1403638612477829376 3.25815 9.12247 0.64539 -0.31640 0.69503 0.42365 0.48718
1403638612677829632 3.21784 8.95157 0.59419 -0.30771 0.69091 0.42666 0.49591
1403638612877829632 3.17223 8.78139 0.52639 -0.30484 0.68894 0.42420 0.50249
1403638613077829632 3.11322 8.60995 0.47612 -0.30609 0.69228 0.42098 0.49983
1403638613277829376 3.04632 8.43806 0.45573 -0.30458 0.69518 0.42095 0.49675
1403638613577829632 2.93936 8.17921 0.44397 -0.30351 0.69558 0.41596 0.50103
1403638613777829376 2.86280 8.00614 0.40584 -0.31097 0.69501 0.40154 0.50895
1403638613877829632 2.82024 7.91347 0.37329 -0.30773 0.69718 0.39326 0.51438
1403638613977829376 2.77642 7.81579 0.33562 -0.29986 0.70314 0.38312 0.51855
1403638614177829632 2.69068 7.60736 0.25274 -0.27311 0.72145 0.35801 0.52607
1403638614277829376 2.64919 7.49801 0.21722 -0.26221 0.73027 0.34455 0.52843
1403638614477829376 2.56329 7.27881 0.16786 -0.25038 0.74162 0.32613 0.53005
1403638614577829632 2.52086 7.16831 0.15837 -0.24659 0.74601 0.31792 0.53064
1403638614677829632 2.48029 7.05846 0.15718 -0.24368 0.75119 0.30595 0.53172
1403638614877829632 2.40672 6.83026 0.18506 -0.23432 0.77244 0.27198 0.52388
1403638614977829376 2.37879 6.71136 0.21214 -0.22129 0.78186 0.25298 0.52510
1403638615077829632 2.35909 6.58883 0.24452 -0.20339 0.78936 0.23252 0.53055
1403638615177829632 2.34585 6.46272 0.27942 -0.18214 0.79287 0.21062 0.54206
1403638615277829376 2.33504 6.33476 0.31930 -0.15719 0.79533 0.18937 0.55397
1403638615377829632 2.32437 6.20496 0.35347 -0.13595 0.79909 0.16406 0.56219
1403638615477829376 2.31408 6.07658 0.38240 -0.11576 0.80230 0.13821 0.56905
1403638615577829632 2.30251 5.94928 0.40461 -0.09881 0.80569 0.11377 0.57285
1403638615677829632 2.28959 5.82451 0.42425 -0.08555 0.80788 0.09629 0.57510
1403638615777829376 2.27428 5.70206 0.44760 -0.07776 0.80920 0.08368 0.57632
1403638615877829632 2.25507 5.58120 0.47943 -0.07239 0.81049 0.07177 0.57682
1403638615977829376 2.23840 5.45932 0.50735 -0.06520 0.81220 0.05986 0.57663
1403638616077829632 2.21901 5.33609 0.52951 -0.05635 0.81292 0.04743 0.57770
1403638616177829632 2.19907 5.21260 0.53925 -0.04659 0.81416 0.03323 0.57781
1403638616277829376 2.17895 5.08922 0.53171 -0.03598 0.81520 0.01492 0.57787
1403638616377829632 2.15862 4.96397 0.50866 -0.02286 0.81594 -0.00441 0.57767
1403638616477829376 2.13764 4.83942 0.47687 -0.01240 0.81647 -0.02243 0.57682
1403638616577829632 2.11651 4.71643 0.44253 -0.00306 0.81824 -0.03508 0.57380
1403638616677829632 2.09450 4.59293 0.40388 0.00260 0.82289 -0.04483 0.56642
1403638616777829376 2.07442 4.46959 0.36109 -0.00051 0.83137 -0.05516 0.55297
1403638616877829632 2.05873 4.34482 0.31865 -0.00439 0.83709 -0.06206 0.54352
1403638616977829376 2.04992 4.21599 0.28448 0.00083 0.83528 -0.05990 0.54655
1403638617077829632 2.04922 4.08399 0.25958 0.00655 0.83165 -0.05497 0.55254
1403638617177829632 2.05244 3.95162 0.24256 0.01274 0.82875 -0.04822 0.55739
1403638617277829376 2.06077 3.82016 0.23185 0.01454 0.83108 -0.04354 0.55425
1403638617377829632 2.07275 3.69060 0.22704 0.01443 0.83505 -0.04082 0.54847
1403638617477829376 2.09147 3.56375 0.23169 0.01433 0.83781 -0.03754 0.54448
1403638617677829632 2.14657 3.31537 0.26488 0.01552 0.83722 -0.03077 0.54578
1403638617777829376 2.18842 3.19837 0.29549 0.01595 0.83571 -0.02830 0.54821
1403638617877829632 2.23365 3.08196 0.33222 0.01702 0.83577 -0.02505 0.54825
1403638617977829376 2.28304 2.96853 0.37283 0.01504 0.83476 -0.02471 0.54985
1403638618177829632 2.39272 2.75158 0.43891 0.01207 0.83464 -0.02344 0.55017
1403638618377829632 2.51776 2.54383 0.48329 0.01236 0.83401 -0.02084 0.55122
1403638618577829632 2.65748 2.34827 0.51689 0.01332 0.83325 -0.01869 0.55243
1403638618677829632 2.73424 2.25367 0.53149 0.01723 0.83321 -0.02166 0.55227
1403638618777829376 2.81520 2.16328 0.54990 0.01986 0.83256 -0.02472 0.55303
1403638618877829632 2.89883 2.07495 0.57451 0.02278 0.83080 -0.02786 0.55541
1403638618977829376 2.98521 1.98879 0.60166 0.02870 0.82671 -0.03652 0.56071
1403638619077829632 3.07229 1.90546 0.62255 0.04062 0.82312 -0.05000 0.56420
1403638619177829632 3.15981 1.82623 0.63466 0.05427 0.81954 -0.06880 0.56629
1403638619277829376 3.24672 1.75130 0.64025 0.06836 0.81559 -0.09287 0.56702
1403638619377829632 3.32983 1.68033 0.63558 0.08467 0.81104 -0.11726 0.56683
1403638619477829376 3.41192 1.61251 0.62629 0.09527 0.80669 -0.13837 0.56659
1403638619577829632 3.49294 1.54851 0.61544 0.10182 0.80298 -0.15403 0.56668
1403638619677829632 3.57386 1.48611 0.60093 0.09804 0.79954 -0.17033 0.56755
1403638619877829632 3.72839 1.35792 0.56521 0.09389 0.79511 -0.18815 0.56884
1403638620077829632 3.86513 1.21825 0.52424 0.09713 0.79192 -0.19318 0.57106
1403638620277829376 3.98065 1.06594 0.50598 0.10424 0.78970 -0.19065 0.57372
1403638620577829632 4.11274 0.82950 0.51119 0.10760 0.79387 -0.18454 0.56933
1403638620877829632 4.21423 0.58821 0.50991 0.10441 0.80302 -0.18022 0.55836
1403638621077829632 4.27448 0.42698 0.47938 0.11269 0.80211 -0.16892 0.56160
1403638621277829376 4.33232 0.26825 0.47888 0.11174 0.79970 -0.16450 0.56650
1403638621477829376 4.38401 0.11767 0.47179 0.11417 0.79875 -0.15943 0.56880
1403638621677829632 4.42943 -0.00484 0.44445 0.11399 0.79563 -0.15632 0.57405
1403638621877829632 4.46326 -0.12406 0.40547 0.11700 0.79060 -0.15326 0.58118
1403638622277829376 4.47191 -0.31323 0.30000 0.10992 0.78807 -0.15802 0.58472
1403638622477829376 4.44551 -0.38772 0.27340 0.11401 0.78993 -0.15686 0.58173
1403638622677829632 4.39638 -0.44743 0.27584 0.12119 0.78567 -0.15379 0.58684
1403638622777829376 4.36261 -0.46696 0.29102 0.12387 0.77459 -0.15244 0.60119
1403638623077829632 4.21811 -0.50512 0.34799 0.12016 0.78003 -0.15806 0.59341
1403638623277829376 4.08198 -0.50426 0.35744 0.11198 0.78723 -0.16450 0.58367
1403638623477829376 3.92924 -0.49713 0.35008 0.11030 0.79145 -0.16623 0.57776
1403638623777829376 3.67791 -0.48277 0.36101 0.11526 0.79304 -0.16490 0.57499
1403638623977829376 3.49278 -0.46793 0.39212 0.11809 0.79517 -0.16539 0.57132
1403638624277829376 3.21130 -0.43551 0.40706 0.11193 0.79497 -0.17322 0.57052
1403638624577829632 2.92959 -0.40076 0.38436 0.10853 0.78610 -0.18023 0.58119
1403638624777829376 2.73241 -0.37791 0.35854 0.11521 0.78784 -0.16824 0.58114
1403638624877829632 2.63302 -0.36192 0.35656 0.11685 0.79397 -0.16022 0.57470
1403638624977829376 2.52777 -0.34423 0.36222 0.10980 0.79715 -0.15844 0.57218
1403638625177829632 2.31614 -0.31249 0.36740 0.09607 0.79905 -0.15786 0.57217
1403638625477829376 1.99571 -0.27610 0.35776 0.09213 0.79948 -0.15501 0.57298
1403638625777829376 1.67117 -0.24987 0.39439 0.09173 0.80609 -0.15544 0.56359
1403638625977829376 1.45956 -0.23433 0.42105 0.09305 0.80913 -0.15603 0.55885
1403638626177829632 1.26225 -0.23602 0.40936 0.09180 0.81078 -0.15825 0.55602
1403638626377829632 1.07080 -0.24143 0.39378 0.10278 0.80749 -0.15172 0.56069
1403638626677829632 0.80072 -0.24238 0.35063 0.10464 0.81063 -0.14912 0.55650
1403638626777829376 0.71684 -0.24769 0.33912 0.10195 0.81458 -0.15071 0.55077
1403638626977829376 0.56883 -0.24772 0.33852 0.10063 0.81826 -0.15057 0.54557
1403638627377829632 0.33422 -0.25696 0.32019 0.10251 0.81774 -0.14676 0.54704
1403638627777829376 0.17951 -0.26202 0.25817 0.10789 0.81213 -0.14432 0.55496
1403638627877829632 0.14789 -0.25697 0.24482 0.10893 0.81149 -0.14453 0.55564
1403638627977829376 0.11926 -0.25446 0.23020 0.10936 0.81344 -0.14474 0.55263
1403638628177829632 0.07480 -0.24566 0.20148 0.11140 0.81515 -0.14550 0.54950
1403638628577829632 0.03203 -0.21825 0.17983 0.09647 0.80602 -0.15817 0.56215
1403638628777829376 0.01892 -0.19784 0.17768 0.09296 0.80308 -0.16152 0.56599
1403638628977829376 0.00256 -0.19264 0.15483 0.10243 0.80428 -0.15559 0.56430
1403638629177829632 -0.01968 -0.19061 0.14393 0.10949 0.80659 -0.15004 0.56117
1403638629377829632 -0.03819 -0.18083 0.13450 0.11076 0.81000 -0.14922 0.55621
1403638629477829376 -0.04174 -0.17640 0.14090 0.10935 0.81447 -0.15095 0.54944
1403638629577829632 -0.04316 -0.17025 0.13632 0.10578 0.81753 -0.15377 0.54480
1403638629677829632 -0.04213 -0.16808 0.14208 0.09490 0.81539 -0.16225 0.54754
1403638629777829376 -0.02631 -0.15381 0.13224 0.08827 0.80977 -0.16763 0.55532
1403638629877829632 -0.02670 -0.16888 0.14553 0.08671 0.80340 -0.16930 0.56424
1403638629977829376 -0.02048 -0.16450 0.13178 0.09763 0.79793 -0.16246 0.57218
1403638630077829632 -0.01851 -0.17635 0.10911 0.10654 0.79443 -0.15635 0.57714
1403638630177829632 -0.01839 -0.17928 0.08043 0.11077 0.79726 -0.15281 0.57336
1403638630277829376 -0.02122 -0.18002 0.04554 0.11159 0.80183 -0.15207 0.56701
1403638630377829632 -0.01879 -0.17808 0.01973 0.10762 0.82116 -0.15298 0.53917
1403638630477829376 -0.00540 -0.17767 0.03100 0.10706 0.80326 -0.15116 0.56609
1403638630577829632 0.00659 -0.17737 0.02923 0.10664 0.80258 -0.15216 0.56687
1403638630677829632 0.01777 -0.17962 0.00977 0.10380 0.82150 -0.14914 0.54048
1403638630777829376 0.01660 -0.18388 0.00073 0.10655 0.82815 -0.14336 0.53128
1403638630877829632 0.02871 -0.18749 0.01731 0.10202 0.82719 -0.14466 0.53331
