1403638524277829376 -0.004057067829 -0.04846368261 0.1347675848 -0.02474038593 0.8401486508 0.05372207839 0.5391215969
1403638524377829632 0.000444232279 -0.04780338345 0.1895037093 -0.03408291113 0.8374399724 0.05202538281 0.5429788277
1403638524477829376 0.007303526095 -0.04682597656 0.2496819176 -0.04109362368 0.8309030082 0.05016540131 0.5526254949
1403638524577829632 0.01562082232 -0.04505876362 0.3096967908 -0.04423334103 0.8221450113 0.04870317226 0.5654635204
1403638524677829632 0.0246166981 -0.04206980011 0.3637526435 -0.04025928232 0.8157283447 0.04320990962 0.5754123404
1403638524777829376 0.0412544584 -0.02968497837 0.4143373278 -0.02744502456 0.8119874501 0.038068802 0.5817851131
1403638525077829632 0.04812962442 -0.02600307727 0.42852693 -0.02813826768 0.8062819256 0.04118657059 0.5894246014
1403638525377829632 0.04926312092 -0.02646411293 0.2978643622 -0.0289396876 0.8163310519 0.05592946164 0.5741411007
1403638525477829376 0.04518598582 -0.02673906664 0.2461101473 -0.03746976394 0.8285080735 0.05785297492 0.5557188338
1403638525577829632 0.04262193852 -0.02712396848 0.1995707133 -0.04370709673 0.837529301 0.05740057675 0.5416082841
1403638525677829632 0.04126127047 -0.02841120448 0.1588523096 -0.04460007259 0.8404722317 0.05443161082 0.5372657266
1403638525777829376 0.04142400487 -0.02979344302 0.1272949169 -0.04188595409 0.8389386782 0.04865234563 0.5404261377
1403638525877829632 0.04033037959 -0.03074531413 0.1043124548 -0.03495374872 0.8352822555 0.04432854791 0.5469156872
1403638525977829376 0.03824495189 -0.03905380819 0.0930201267 -0.02662709879 0.8339020153 0.04320713205 0.5495739897
1403638526077829632 0.03697790823 -0.05822873795 0.09186296807 -0.022240563 0.8355275436 0.04108678435 0.5474586353
1403638526177829632 0.03547669655 -0.0874470025 0.09863159099 -0.02045074377 0.8379316201 0.03202660699 0.5444507907
1403638526277829376 0.03215276183 -0.1232907755 0.1116654467 -0.01703592511 0.8370388128 0.02301283926 0.5463938253
1403638526377829632 0.02648445858 -0.1638722997 0.1260576645 -0.01472910195 0.8329250234 0.01437703745 0.5530029473
1403638526477829376 0.01855877514 -0.2089455075 0.1383838094 -0.01350932367 0.8278932091 0.003392476442 0.5607127817
1403638526577829632 0.009353226754 -0.2604480198 0.1471117448 -0.01217987297 0.8225741496 -0.00764584634 0.5684759978
1403638526677829632 -0.001770541888 -0.319115683 0.1535311147 -0.007757880456 0.8173981795 -0.0160874031 0.5757961679
1403638526777829376 -0.01566480769 -0.383391355 0.1581634267 0.0007011387297 0.8142898055 -0.02161415722 0.580055557
1403638526877829632 -0.03079257129 -0.4480293647 0.1612783729 0.008559961496 0.8135646895 -0.02476452402 0.580883759
1403638526977829376 -0.04604023311 -0.5100766603 0.1636174279 0.01276769422 0.8166655926 -0.03106761919 0.576132883
1403638527077829632 -0.05862271263 -0.5680187666 0.166553126 0.02042342492 0.8211865461 -0.04412387488 0.5685847553
1403638527177829632 -0.06840051839 -0.6189677222 0.1714726936 0.02817703751 0.8229751197 -0.05923248421 0.5642778746
1403638527277829376 -0.07351650685 -0.6586609655 0.1776870916 0.03967606515 0.8200653038 -0.07296705183 0.5662106646
1403638527377829632 -0.07313280414 -0.680453669 0.1833907083 0.05517509168 0.8149613488 -0.08174047663 0.5710623466
1403638527477829376 -0.06794062894 -0.6814735435 0.1863439508 0.06549644912 0.8113507832 -0.08612308588 0.57445882
1403638527777829376 -0.03111001435 -0.5791252988 0.1856623385 0.06090638088 0.8125870987 -0.07619209592 0.5746193387
1403638527877829632 -0.01051020853 -0.5237623197 0.1858058927 0.04676784795 0.815800852 -0.07123523513 0.5720203489
1403638527977829376 0.01025557462 -0.4651335828 0.1884087297 0.03654244948 0.8166896062 -0.06632153673 0.5720875722
1403638528077829632 0.03120712545 -0.4057709874 0.1885325309 0.02973166648 0.8154571059 -0.05893501727 0.575041216
1403638528177829632 0.0500270823 -0.3482720357 0.1865446014 0.02012288094 0.8157910749 -0.05011415899 0.5758199049
1403638528277829376 0.07404704577 -0.3034812407 0.1795470294 0.007659206289 0.8172124088 -0.0394891541 0.5749311456
1403638528377829632 0.1058102611 -0.2618997837 0.1756428218 0.0004009197157 0.8168797728 -0.03127965842 0.5759590775
1403638528777829376 0.2466831804 -0.1826686265 0.1640527248 0.007004386074 0.8185324671 -0.04482874245 0.5726656291
1403638529177829632 0.2192310299 -0.1361215669 0.2231162781 0.01424448283 0.8194490393 -0.05308590435 0.5705105201
1403638529277829376 0.183387775 -0.1149249293 0.2119942821 0.0258515422 0.8213813877 -0.04704167696 0.5678480381
1403638529377829632 0.1455444302 -0.09659627328 0.2005407693 0.02987967011 0.8266290751 -0.04259411738 0.5603367905
1403638529477829376 0.1120386515 -0.08276618946 0.1797470471 0.0284266265 0.8366804868 -0.0399911898 0.5454891333
1403638529577829632 0.08202422557 -0.07898887833 0.1557945142 0.02574604129 0.8468302609 -0.03675950891 0.5299664037
1403638529677829632 0.0628923397 -0.07236416096 0.1298795058 0.02696285843 0.8507250465 -0.03370310389 0.5238358524
1403638529777829376 0.0512120706 -0.06487489751 0.106146932 0.02614488648 0.8471828358 -0.03295693746 0.5296333901
1403638529877829632 0.03983813187 -0.05712593335 0.08553379668 0.02461444644 0.8407370034 -0.03394096108 0.5398179612
1403638529977829376 0.03818331517 -0.05412912499 0.07033794046 0.02402111464 0.8381406528 -0.03400301989 0.5438630589
1403638530177829632 0.05868383081 -0.05499851925 0.04873076313 0.02549781094 0.8413304465 -0.0387651378 0.5385259562
1403638530277829376 0.07251653813 -0.05875032873 0.03845249462 0.02754139816 0.8409131806 -0.0446818946 0.5386186242
1403638530377829632 0.08443100099 -0.06418516415 0.02850283202 0.02994095117 0.8402792603 -0.04976979763 0.5390336459
1403638530477829376 0.09489966265 -0.06986215871 0.02075224335 0.03013285382 0.8400494552 -0.05355860099 0.5390179962
1403638530577829632 0.1013109765 -0.07618496423 0.01499072635 0.02932011629 0.8400661334 -0.05681069507 0.5387037843
1403638530677829632 0.1044293831 -0.08150501556 0.009471705057 0.03037096216 0.8430708445 -0.05890698887 0.5337032158
1403638530777829376 0.1064220014 -0.08568109874 0.003329851845 0.03036412249 0.8464772596 -0.06036937008 0.5281191232
1403638530977829376 0.1088388889 -0.08931776872 -0.004729164642 0.0270104847 0.8449561033 -0.05966623025 0.5308102846
1403638531177829632 0.1078181828 -0.08925781358 -0.006408114428 0.02817074988 0.8394701014 -0.05608643808 0.5397690888
1403638538877829632 0.1078028322 -0.08946231488 -0.008214371113 0.03192352066 0.8347088981 -0.05499392502 0.5470078724
1403638538977829376 0.1101834213 -0.0913410616 -0.005989741199 0.03256415497 0.8299797779 -0.05424091639 0.5541940699
1403638539077829632 0.1136588975 -0.09364337567 -0.002917526015 0.03401395369 0.8244205615 -0.05576753136 0.5621954919
1403638539177829632 0.1202517069 -0.09574647083 0.004771661688 0.03318500121 0.8191660138 -0.05621389125 0.5698296201
1403638539277829376 0.1262327526 -0.09651534573 0.01619172694 0.03286357142 0.8155040077 -0.05542841541 0.5751529274
1403638539377829632 0.1355975269 -0.1003197947 0.04403632866 0.03237711791 0.8164541937 -0.05484712091 0.5738868052
1403638539477829376 0.1449011788 -0.1046126293 0.07286261381 0.03197205742 0.8185268809 -0.05375867184 0.571053008
1403638539877829632 0.1866152746 -0.1086462038 0.158226051 0.02946163849 0.82389961 -0.04949051001 0.5638015023
1403638540077829632 0.2206173794 -0.1099654467 0.173137904 0.02748265088 0.8343694473 -0.04892370081 0.5483418649
1403638540377829632 0.313910706 -0.1156773955 0.2071402821 0.02845703604 0.8280704217 -0.04541374876 0.5580565968
1403638540477829376 0.363609181 -0.1276558648 0.2043453193 0.02522665863 0.8257644267 -0.03943497995 0.5620690435
1403638540577829632 0.4043127997 -0.1145894616 0.217644106 0.01790737826 0.8259525655 -0.02796186654 0.56276089
1403638540677829632 0.4563429254 -0.1037163644 0.2203595917 0.009546186919 0.8260079592 -0.01078454253 0.563474414
1403638540777829376 0.5018352985 -0.1112938784 0.2295576819 0.001553932545 0.8250035952 0.01321706353 0.5649707625
1403638540877829632 0.5525505408 -0.1098117501 0.2346115665 -0.00880162952 0.824116745 0.04121227443 0.5648501309
1403638540977829376 0.6048498449 -0.09049299955 0.2366143596 -0.02257856192 0.8223495579 0.06748211258 0.5645153475
1403638541077829632 0.657410903 -0.07479039326 0.236507796 -0.03638945139 0.819976506 0.08697801278 0.564578748
1403638541177829632 0.701462096 -0.05773122824 0.2280889316 -0.04608873138 0.8180971078 0.1002543212 0.5643952712
1403638541277829376 0.7653869379 -0.03073233808 0.227508304 -0.05122662122 0.817200719 0.1090406065 0.563621295
1403638541477829376 0.873216807 0.033383427 0.2359526161 -0.05547345982 0.8167538298 0.112903515 0.5631062716
1403638541677829632 0.9755597482 0.1164509244 0.2695166806 -0.05910235927 0.8135608214 0.1165051228 0.5666147346
1403638541777829376 1.033068403 0.1673067469 0.2992853711 -0.06891242046 0.8121564137 0.1220850943 0.5663464203
1403638541877829632 1.077571882 0.2236881866 0.3362886357 -0.08083446471 0.810625203 0.1309754334 0.5649761105
1403638541977829376 1.124275198 0.2812481448 0.3689072329 -0.09256175643 0.8093804406 0.1452668903 0.5614562798
1403638542077829632 1.169311461 0.3399853791 0.3948131477 -0.1064196541 0.8070923516 0.1622143058 0.5576408452
1403638542177829632 1.212192582 0.3998155686 0.4145244806 -0.1216718205 0.8030337681 0.1820291688 0.5542545598
1403638542277829376 1.255308244 0.4613871424 0.4287029551 -0.13635399 0.7988550994 0.2052045069 0.5487524304
1403638542377829632 1.299885927 0.5246147112 0.4410568743 -0.1499401675 0.7909522702 0.2268335659 0.5481413922
1403638542477829376 1.342000534 0.5863197097 0.4473557019 -0.1561257716 0.7772130893 0.2468722742 0.5573317123
1403638542577829632 1.383481259 0.6500168233 0.4527370741 -0.1523198285 0.7650039795 0.265181724 0.5667858806
1403638542677829632 1.41847554 0.717109815 0.4604385036 -0.1529492018 0.7615021014 0.2744863815 0.5669023881
1403638542777829376 1.446250289 0.7888143659 0.4747589453 -0.1618974299 0.7655995793 0.2734299779 0.559359056
1403638542877829632 1.467090418 0.863087387 0.4959235325 -0.1685755889 0.7709865828 0.2703587206 0.5514237228
1403638543077829632 1.496934279 1.013101759 0.5519973034 -0.1752300509 0.7792327611 0.2640699563 0.5407012035
1403638543377829632 1.538951625 1.244331269 0.6073195864 -0.1743897066 0.7822752736 0.2578927036 0.5395599874
1403638543477829376 1.55171101 1.323047833 0.6200395871 -0.1764567051 0.7813022112 0.26217781 0.5382310674
1403638543577829632 1.565696979 1.404844178 0.6278480821 -0.1813850022 0.7783566673 0.2730659795 0.5354393993
1403638543677829632 1.577224732 1.486110732 0.6324820747 -0.1882122949 0.7726512653 0.290544957 0.5321369958
1403638543777829376 1.588482999 1.56954046 0.6393370093 -0.1983300788 0.7645308184 0.3117026527 0.528203809
1403638543877829632 1.599222621 1.653504025 0.6522876774 -0.2098874661 0.7544100088 0.3340029571 0.5246473242
1403638543977829376 1.610453275 1.739981431 0.6728712626 -0.2238362029 0.7458824991 0.3521869836 0.5191541007
1403638544077829632 1.620654646 1.826043394 0.697253236 -0.2386079907 0.741887986 0.3633714297 0.5105189978
1403638544177829632 1.632152366 1.914025801 0.7211933506 -0.2488733154 0.738804714 0.3698047087 0.5054445022
1403638544277829376 1.644961734 2.003824116 0.7387910795 -0.2555509053 0.7362685102 0.3731140466 0.5033769203
1403638544477829376 1.67648348 2.185463199 0.7582312297 -0.2560543798 0.7362915732 0.3767091248 0.5004009483
1403638544677829632 1.712176918 2.371605468 0.7789892827 -0.2628445717 0.7272497747 0.3750311188 0.5112456907
1403638544977829376 1.762772498 2.642797032 0.8213982969 -0.2622482568 0.7305546141 0.3789139791 0.5039246016
1403638545277829376 1.812632298 2.908124354 0.8182091403 -0.2628305183 0.728339201 0.3815423401 0.5048441043
1403638545477829376 1.845066566 3.082459095 0.7935340448 -0.2667894316 0.7256099199 0.3815473267 0.5066905177
1403638545577829632 1.858556971 3.167882142 0.7848294575 -0.2710375543 0.7233302345 0.3882707136 0.5025712576
1403638545677829632 1.870654949 3.251375148 0.7814458612 -0.2799355418 0.7176981236 0.3997600604 0.4967266753
1403638545777829376 1.884242366 3.338529134 0.7849237404 -0.2887988454 0.7098831767 0.4162230876 0.4893050619
1403638545877829632 1.89832183 3.426300794 0.7951378827 -0.2997687471 0.6991472624 0.435700788 0.4811409638
1403638545977829376 1.913161792 3.516197325 0.8112372207 -0.3095797463 0.6865895489 0.4576297257 0.4725782541
1403638546077829632 1.929939979 3.60803559 0.8307515536 -0.3160339405 0.6745868795 0.4764601166 0.4669484423
1403638546177829632 1.945364997 3.699464829 0.8455786821 -0.3236775207 0.6658396625 0.4887637971 0.4615196173
1403638546277829376 1.959740222 3.791595267 0.8536847373 -0.3286927248 0.6610731428 0.4963292461 0.4567282255
1403638546377829632 1.97261706 3.883957422 0.8557319994 -0.3349927006 0.6595399868 0.4984738528 0.4520074274
1403638546577829632 1.99770177 4.071556209 0.8468582172 -0.3387853505 0.6570993995 0.5029624782 0.4477427955
1403638546677829632 2.00787392 4.166484824 0.8488011348 -0.3424410899 0.6522367445 0.5088107144 0.4454581754
1403638546777829376 2.017172391 4.265160337 0.8609543202 -0.3449831737 0.6476163333 0.5145003714 0.4436992928
1403638546977829376 2.035599375 4.471293911 0.8986081698 -0.344416629 0.6406576536 0.5238559638 0.4432943558
1403638547177829632 2.044661418 4.679503558 0.9135789314 -0.3396071698 0.6360362923 0.5304347481 0.4458293205
1403638547477829376 2.029579519 4.998125276 0.9030281017 -0.3456291603 0.6391405092 0.526038152 0.4419544725
1403638547677829632 2.003875868 5.21446068 0.8753412312 -0.3493908582 0.6437763361 0.5210363505 0.4381771088
1403638547877829632 1.97353103 5.435566282 0.8305199892 -0.3439031027 0.640266504 0.523665813 0.4444812439
1403638548077829632 1.93759668 5.677602368 0.7943057569 -0.3467068694 0.6397689092 0.5262706629 0.4399196278
1403638548177829632 1.916665349 5.806924542 0.7893455955 -0.3511278267 0.6360221298 0.5316397158 0.4353668709
1403638548277829376 1.893236517 5.936054705 0.7925451494 -0.3576876034 0.6296639286 0.5400695389 0.4288447371
1403638548477829376 1.843140197 6.191787079 0.8243929495 -0.3735103646 0.6105859542 0.5620735568 0.4144250437
1403638548577829632 1.817628179 6.318594329 0.8435228111 -0.3800524985 0.6026386881 0.5699645391 0.4093007868
1403638548677829632 1.792634609 6.443898139 0.857616703 -0.384921826 0.5971075239 0.5754322701 0.4051857541
1403638548977829376 1.716181518 6.831234082 0.9047900849 -0.3903032251 0.590026821 0.5830729965 0.3994466469
1403638549177829632 1.662347596 7.087807185 0.9661260599 -0.3919887877 0.5897218597 0.5825803775 0.3989649385
1403638549377829632 1.608177787 7.3523957 1.047526449 -0.3948912002 0.5921422916 0.5792638422 0.3973434883
1403638549577829632 1.555182318 7.624144627 1.122372641 -0.398015745 0.5937301497 0.5754121105 0.3974529899
1403638549777829376 1.507425719 7.891850485 1.182390294 -0.3977501991 0.5934264783 0.5744350208 0.3995800305
1403638549977829376 1.461652186 8.161764819 1.26235317 -0.3964585284 0.5958092476 0.5746392693 0.3970159769
1403638550177829632 1.422353523 8.45020265 1.373811953 -0.3974932154 0.5966600932 0.5742652707 0.395240782
1403638550377829632 1.388896508 8.745265043 1.510405632 -0.3970069972 0.5952793474 0.5755032736 0.396010006
1403638550477829376 1.374510868 8.895905184 1.571586276 -0.3998206671 0.5959014633 0.5738808899 0.3945954946
1403638550577829632 1.362194216 9.044193096 1.625362318 -0.403726226 0.596585478 0.5714858663 0.3930582738
1403638550677829632 1.353634911 9.18834635 1.673661157 -0.4086570404 0.5950036101 0.5680724688 0.3953021599
1403638550877829632 1.34816983 9.473268832 1.755487894 -0.4174761625 0.590580004 0.5616004642 0.401912716
1403638550977829376 1.348186963 9.61384596 1.793594665 -0.4230621049 0.5864645697 0.5570947385 0.4083175435
1403638551077829632 1.350686984 9.747011722 1.825803127 -0.426666122 0.5840281427 0.5541947411 0.4119894875
1403638551277829376 1.369511147 9.994469131 1.900773884 -0.4316498946 0.586274 0.5502747992 0.4088505971
1403638551477829376 1.41154272 10.21624563 1.983267696 -0.4194013128 0.6066366672 0.5380074249 0.4082186958
1403638551577829632 1.441289156 10.32624096 2.019434831 -0.4130993032 0.6218640041 0.5217367001 0.4128255587
1403638551677829632 1.479490178 10.43221007 2.049375088 -0.4062098942 0.6389522705 0.5033244936 0.4164108212
1403638551777829376 1.526439409 10.53269832 2.074517216 -0.3969934935 0.6531874329 0.484862393 0.425030356
1403638551877829632 1.581658148 10.62692557 2.095402602 -0.3868790269 0.6638387364 0.4693206471 0.4351791364
1403638551977829376 1.644259698 10.71309783 2.11958719 -0.3749966643 0.6672469427 0.4616635647 0.448358977
1403638552077829632 1.712429933 10.79093956 2.151727054 -0.3654771349 0.6687800184 0.4566698144 0.4589253006
1403638552177829632 1.782223423 10.85706562 2.187937538 -0.3596124834 0.6736754332 0.4535597187 0.4594821585
1403638552377829632 1.934304386 10.97469268 2.26613993 -0.3574814832 0.6786667988 0.4497568437 0.457533766
1403638552477829376 2.016001841 11.02469016 2.302133266 -0.3647975246 0.6749756367 0.4442801284 0.4625427801
1403638552577829632 2.100409851 11.06642363 2.331835959 -0.370363138 0.6712482952 0.440844889 0.4668111568
1403638552777829376 2.280935892 11.12772784 2.369343128 -0.3703111868 0.668307028 0.4443355579 0.4677619622
1403638552977829376 2.473233579 11.15590363 2.386850037 -0.3638184109 0.6645535162 0.454350762 0.4685831548
1403638553177829632 2.669645639 11.1600792 2.388069428 -0.3655712438 0.6584139894 0.4584421128 0.4718893022
1403638553277829376 2.766250592 11.1512416 2.388649149 -0.3728396344 0.6526481439 0.4552093175 0.4773106792
1403638553377829632 2.863386141 11.13512376 2.394219286 -0.3744489788 0.6474413673 0.4560755869 0.4822890183
1403638553477829376 2.962247955 11.11065144 2.40595508 -0.3709447511 0.6419793845 0.4597127341 0.4888012517
1403638553577829632 3.060441965 11.07647807 2.424076335 -0.3679388396 0.6376503032 0.4628241211 0.4937782236
1403638553777829376 3.239161004 10.96534918 2.473658205 -0.3638469224 0.6371915528 0.4669753027 0.4934940818
1403638553977829376 3.401969739 10.8208294 2.544068611 -0.3608553494 0.642054292 0.4689375944 0.4874907543
1403638554177829632 3.557479117 10.65683131 2.603119502 -0.3545476238 0.6482094034 0.4736444085 0.4793553234
1403638554277829376 3.633409228 10.57436973 2.627337073 -0.3466591444 0.6540548644 0.4795519607 0.4712426009
1403638554377829632 3.705012586 10.48913833 2.645804803 -0.3407447254 0.6572923799 0.4841612388 0.4663128288
1403638554577829632 3.843474714 10.31043285 2.664969688 -0.3392453471 0.6595380888 0.4860340245 0.4622694355
1403638554877829632 4.022282377 10.06117067 2.713784635 -0.3530808746 0.6626350639 0.4770144601 0.4568433791
1403638555077829632 4.144615496 9.899678201 2.753204392 -0.3519654784 0.6666066691 0.4695350588 0.4596658344
1403638555177829632 4.224014284 9.821936964 2.762298607 -0.3452456279 0.672777025 0.4629422642 0.4624510689
1403638555277829376 4.299735415 9.739662549 2.765014287 -0.3391966714 0.6790217121 0.4549359942 0.4657342308
1403638555377829632 4.366050012 9.655016351 2.767338352 -0.3321358026 0.682232393 0.4502283369 0.470679525
1403638555477829376 4.443148401 9.568199161 2.77193733 -0.3263626109 0.6843491226 0.4471450495 0.4745682556
1403638555577829632 4.510648677 9.486143287 2.75909729 -0.3240097875 0.6856997365 0.4444480525 0.4767593288
1403638555777829376 4.654698544 9.312064671 2.763851745 -0.3223762303 0.6886648825 0.4429221805 0.4750096711
1403638555977829376 4.790914021 9.139871184 2.808139297 -0.3203848187 0.6874080276 0.4455617547 0.4757084131
1403638556177829632 4.933614282 8.984076464 2.856024833 -0.3178886851 0.6919197645 0.4474634983 0.4690098518
1403638556377829632 5.080929409 8.836159426 2.883544685 -0.3151794047 0.6973291327 0.4492905772 0.4610119313
1403638556477829376 5.152753903 8.77179308 2.895011617 -0.3126713088 0.7005179611 0.4505198876 0.4566651615
1403638556677829632 5.303415974 8.655554143 2.919539337 -0.3196400009 0.7060435444 0.4440633367 0.4496004185
1403638556777829376 5.390807185 8.609869918 2.937699748 -0.326167492 0.7029722377 0.4392303045 0.4544464103
1403638556877829632 5.475958885 8.563940978 2.96393839 -0.3319227591 0.7015377793 0.4348878962 0.4566667755
1403638556977829376 5.568212352 8.518882635 2.993275525 -0.3354061814 0.7001287268 0.4322590068 0.4587751197
1403638557077829632 5.669128146 8.475588015 3.016233578 -0.3340970782 0.6986664929 0.4337085249 0.4605878738
1403638557177829632 5.769287263 8.426541123 3.034299587 -0.3325564941 0.6970837024 0.435275442 0.4626183953
1403638557377829632 5.988617043 8.332364737 3.048601526 -0.3291473602 0.6947557661 0.4386401195 0.4653722019
1403638557477829376 6.09878213 8.284943951 3.057913146 -0.3237353548 0.6917097574 0.4431369865 0.4694279952
1403638557577829632 6.210282184 8.238379218 3.073007917 -0.3193133451 0.6892769099 0.4463496841 0.4729781058
1403638557777829376 6.436913092 8.143118238 3.114883528 -0.3169528203 0.6877360939 0.4479643019 0.4752767183
1403638557877829632 6.543819555 8.099378459 3.133132543 -0.3140569196 0.6876978695 0.4493430311 0.4759524472
1403638557977829376 6.647560876 8.054663092 3.145164513 -0.3112619577 0.6889389911 0.4509523527 0.4744692149
1403638558177829632 6.862147446 7.970534665 3.153201634 -0.3073614222 0.6984460871 0.4532952828 0.4606792876
1403638558277829376 6.967189052 7.936198635 3.161117651 -0.3037388665 0.7025659536 0.4549992058 0.4551038392
1403638558377829632 7.073781098 7.909456982 3.178798594 -0.2989577136 0.703910153 0.4577299437 0.453451299
1403638558677829632 7.404941231 7.873833754 3.275457635 -0.3019652309 0.7109170308 0.45355912 0.4446325441
1403638558777829376 7.518931928 7.883608739 3.314069545 -0.3097836579 0.7106749792 0.4473780473 0.4459013816
1403638558877829632 7.635700581 7.895923499 3.344629359 -0.3123692255 0.7094520974 0.4451746807 0.4482440096
1403638558977829376 7.757112106 7.911777855 3.368072869 -0.3142419491 0.7046783432 0.4439450852 0.4556239583
1403638559077829632 7.877909918 7.932667185 3.384506969 -0.3149082603 0.7002433137 0.4437562336 0.4621390422
1403638559177829632 8.003308567 7.953858092 3.392281159 -0.3152478379 0.696837415 0.4441624867 0.4666434433
1403638559277829376 8.128347863 7.977083103 3.394956892 -0.3132282193 0.6940011494 0.4465221617 0.4699664311
1403638559377829632 8.249173083 8.001392163 3.391898466 -0.3095753159 0.6917309658 0.4497304562 0.4726668081
1403638559477829376 8.369005724 8.025931076 3.3842044 -0.3074962656 0.6894101377 0.4519127296 0.4753257762
1403638559677829632 8.602031493 8.079849785 3.354024797 -0.3070796632 0.6862037811 0.453618425 0.4785987628
1403638559877829632 8.820540268 8.1411952 3.333215532 -0.3087539626 0.6861332444 0.4535561713 0.4776808149
1403638559977829376 8.926236814 8.176037109 3.327503435 -0.3076193695 0.6897210645 0.4476351012 0.4788298162
1403638560077829632 9.02941391 8.210278557 3.315157006 -0.3022080704 0.6976183527 0.4348015794 0.4826453177
1403638560177829632 9.131979833 8.245649579 3.295576146 -0.2924451093 0.7073598289 0.4167756341 0.4903223443
1403638560277829376 9.234779122 8.279730731 3.271336141 -0.2801533366 0.71817112 0.3956471165 0.4992070809
1403638560377829632 9.336115703 8.314867806 3.244249806 -0.2689253732 0.7260120844 0.3714046144 0.512488253
1403638560477829376 9.433848118 8.345871736 3.214169714 -0.2562391316 0.7340572966 0.3462745203 0.5249717605
1403638560577829632 9.52780986 8.373387855 3.179495953 -0.2449530202 0.7433017435 0.3194251425 0.5342921619
1403638560677829632 9.614215952 8.389735611 3.144164639 -0.2352548753 0.7538121713 0.2914382434 0.5398945308
1403638560777829376 9.706771492 8.421939053 3.10113911 -0.228021886 0.7626131918 0.2658794617 0.5438154568
1403638560877829632 9.789151769 8.421210491 3.080669343 -0.2173028212 0.7690709254 0.243099244 0.5497382588
1403638560977829376 9.872750277 8.422685468 3.0618909 -0.2050279261 0.7733661698 0.2221869322 0.5572264208
1403638561077829632 9.954746922 8.41594097 3.052000775 -0.1928214544 0.7759119496 0.2023170825 0.5655513517
1403638561177829632 10.03154237 8.400839992 3.04800319 -0.1819253917 0.777279115 0.1846456729 0.5732768134
1403638561277829376 10.10183172 8.376482259 3.05245991 -0.175052949 0.7775368918 0.1712604519 0.5791914231
1403638561377829632 10.16664868 8.344762232 3.058854847 -0.1660335277 0.7820954476 0.1664888385 0.5770970848
1403638561477829376 10.22828332 8.306879427 3.06104896 -0.1525624552 0.7879121939 0.1701756354 0.5718035721
1403638561577829632 10.28661446 8.265866253 3.058097808 -0.1429870241 0.7913292836 0.1749161109 0.5681170918
1403638561777829376 10.39510758 8.17895933 3.032697988 -0.1383424287 0.793066451 0.1801099455 0.5652144587
1403638561977829376 10.4956337 8.086749557 2.987414711 -0.1308025162 0.7933693254 0.1764894659 0.567721132
1403638562077829632 10.54134521 8.038903438 2.965694444 -0.1235273225 0.7951821744 0.1677814843 0.5694520908
1403638562177829632 10.58060368 7.989622924 2.951073413 -0.1159802752 0.7970350157 0.1580980295 0.5712169225
1403638562277829376 10.61938794 7.942106968 2.941213956 -0.1096119019 0.798067608 0.149945205 0.5732274936
1403638562377829632 10.65335648 7.894001102 2.938056237 -0.1036728839 0.7989710756 0.1380969893 0.5760437267
1403638562477829376 10.68259668 7.845292225 2.938647128 -0.09575004059 0.8013054026 0.1221090641 0.577781064
1403638562577829632 10.71069075 7.797130973 2.946951833 -0.08615595974 0.8036434816 0.1020486414 0.5799313579
1403638562677829632 10.73674043 7.747831218 2.95920097 -0.07742508994 0.806491332 0.07792804872 0.580951208
1403638562777829376 10.76074982 7.696024107 2.972981218 -0.06863398724 0.8081148206 0.05175907303 0.5827184662
1403638562877829632 10.78000011 7.640645931 2.982035916 -0.0551246678 0.8093321654 0.02712993502 0.5841289957
1403638562977829376 10.79549802 7.581829222 2.985634258 -0.04066489364 0.8100740173 0.004527659492 0.5848982418
1403638563077829632 10.80490377 7.520798591 2.984542194 -0.03163092234 0.8099377663 -0.01953977269 0.5853362254
1403638563177829632 10.81014271 7.45503361 2.978563076 -0.01979993965 0.8097847504 -0.03916019856 0.5850838396
1403638563277829376 10.81021596 7.385043214 2.968116355 -0.008336791882 0.8066712619 -0.05289001961 0.5885699779
1403638563377829632 10.80518132 7.311191097 2.953528195 -0.001808717927 0.7989353143 -0.06243749058 0.598164402
1403638563477829376 10.79551788 7.232901827 2.933574938 -0.0006528818396 0.7929268534 -0.0692318416 0.6053705732
1403638563577829632 10.77884587 7.149294688 2.913074813 0.004818068963 0.7935682172 -0.06879020246 0.6045611457
1403638563777829376 10.72656878 6.968413781 2.889508227 0.001842063621 0.7994370023 -0.06900555324 0.5967707431
1403638564077829632 10.60413272 6.661001617 2.899432 -0.009352553752 0.7987987252 -0.06408319322 0.5981023915
1403638564277829376 10.4947907 6.428549702 2.895775135 -0.01038648224 0.7972352192 -0.05377370105 0.6011792705
1403638564477829376 10.36118081 6.180612868 2.906993522 -0.009830015992 0.794679553 -0.04435266141 0.6053268707
1403638564677829632 10.19666967 5.922815429 2.933690149 -0.01760255913 0.7982520078 -0.04674978222 0.600248565
1403638564877829632 10.00946797 5.641885038 2.937954419 -0.02357699891 0.7984235207 -0.05223592193 0.5993625074
1403638564977829376 9.908042948 5.492679443 2.921179069 -0.02543276222 0.7979348917 -0.05399578212 0.5997812424
1403638565077829632 9.800631842 5.337977578 2.887200675 -0.02662405552 0.7983350075 -0.0547598016 0.5991274819
1403638565177829632 9.690603806 5.177942473 2.838466005 -0.02707605839 0.7991115088 -0.05499108953 0.5980498839
1403638565277829376 9.577797267 5.012327834 2.783378996 -0.02541875688 0.8000972257 -0.05419411345 0.5968762973
1403638565377829632 9.462088373 4.841843878 2.725045941 -0.02265277005 0.8011269268 -0.05293565978 0.5957183186
1403638565477829376 9.343009034 4.668064052 2.666609734 -0.01963980147 0.8004640656 -0.05199113759 0.596798525
1403638565577829632 9.221887108 4.490585349 2.614500008 -0.01298326383 0.798328479 -0.04972764693 0.6000251958
1403638565677829632 9.096286341 4.310121945 2.570131087 -0.001169982553 0.7980299374 -0.0437217748 0.601028499
1403638565777829376 8.966312803 4.129215531 2.53288588 0.007909872455 0.8006966146 -0.03931535575 0.5977262485
1403638565877829632 8.830113985 3.950557063 2.503225532 0.01516581869 0.8028454178 -0.035992665 0.5949065147
1403638565977829376 8.690319703 3.775435741 2.477030592 0.0176590163 0.8046406331 -0.03656262771 0.5923721676
1403638566077829632 8.549045364 3.60396056 2.444590947 0.0192102733 0.8056425484 -0.0369328245 0.5909374045
1403638566177829632 8.406741729 3.436288975 2.403209894 0.01715427092 0.8058103712 -0.03834566203 0.5906817983
1403638566277829376 8.263229391 3.271251565 2.353723388 0.01771980099 0.8054182116 -0.03748393809 0.5912549936
1403638566377829632 8.120264057 3.11031352 2.295891871 0.01795442114 0.8064020712 -0.03642530597 0.5899716395
1403638566477829376 7.978436737 2.953154436 2.231542483 0.01459574224 0.8066479915 -0.03713022493 0.5896840922
1403638566577829632 7.837312784 2.799933718 2.161804701 0.01389122393 0.8097868477 -0.03533081535 0.5854946871
1403638566677829632 7.69715744 2.651125185 2.084640533 0.0131305676 0.8190592798 -0.03348352769 0.5725804203
1403638566777829376 7.56225468 2.505457033 2.002992602 0.01242923081 0.8307092673 -0.03160546953 0.5556696156
1403638566877829632 7.43409186 2.362099471 1.9182965 0.01078235816 0.8386972918 -0.03030230461 0.5436472789
1403638566977829376 7.312859073 2.222898213 1.831167735 0.01080869646 0.8425742084 -0.02742858604 0.5377727662
1403638567077829632 7.201856309 2.085268348 1.745958339 0.01045168513 0.8344605227 -0.02589851996 0.5503595779
1403638567177829632 7.094820916 1.949222433 1.658151216 0.01232498638 0.8220757859 -0.02373820997 0.5687495005
1403638567277829376 6.991954004 1.817055145 1.565876014 0.01532685194 0.8133804365 -0.02190796929 0.5811173668
1403638567377829632 6.887388522 1.687588027 1.468554648 0.01814197275 0.8114293475 -0.0212287568 0.583783027
1403638567477829376 6.783375449 1.56374048 1.375928004 0.02002856586 0.8122141725 -0.02206040817 0.5825979171
1403638567577829632 6.676545073 1.440425626 1.290449556 0.02130100065 0.8157200379 -0.02362814742 0.5775714655
1403638567677829632 6.569284768 1.320037467 1.21372159 0.02459370378 0.8189609278 -0.02402219422 0.5728185425
1403638567777829376 6.464948481 1.204808996 1.14702372 0.02657605312 0.822211129 -0.02446872007 0.568035082
1403638567877829632 6.366276382 1.095550962 1.08848057 0.025772904 0.8256174581 -0.02664647183 0.563011133
1403638567977829376 6.274295969 0.9913118157 1.03723087 0.02571741873 0.8265384684 -0.02760246784 0.5616145282
1403638568077829632 6.187826896 0.8915186678 0.9942709628 0.0287197312 0.8263561272 -0.02577631073 0.5618240916
1403638568177829632 6.106128592 0.7971445148 0.9599935555 0.03074943356 0.8256264242 -0.02446590993 0.5628471366
1403638568377829632 5.954422967 0.6238452498 0.9025298006 0.03191858379 0.8259112304 -0.02518164442 0.5623324002
1403638568577829632 5.816753838 0.4674719384 0.831935696 0.03333410889 0.8280849686 -0.02445653491 0.5590760233
1403638568677829632 5.753496789 0.3972009081 0.7949393907 0.03462057583 0.8298570246 -0.02305899292 0.5564234156
1403638568877829632 5.644582186 0.2750413404 0.7318557901 0.03239828301 0.8304985541 -0.02480721101 0.5555241716
1403638569077829632 5.552810153 0.1709684215 0.7002029333 0.03583928365 0.829659966 -0.02209899799 0.5566790106
1403638569277829376 5.476287164 0.08649400518 0.6907444408 0.03851450165 0.8316484959 -0.02104716602 0.5535651987
1403638569677829632 5.390182265 -0.01991965116 0.6336337375 0.03962784527 0.8277236435 -0.02095731035 0.5593424666
1403638570277829376 5.373999034 -0.01606101047 0.6165522893 0.0253683563 0.8232558682 -0.02905378293 0.5663586316
1403638570477829376 5.379685537 0.006620707657 0.5807300785 0.01484542819 0.8225118746 -0.05200152118 0.5661710618
1403638570577829632 5.376599541 0.01891771021 0.5619056601 0.007897969784 0.8198803275 -0.07917485515 0.5669790233
1403638570677829632 5.38531545 0.01134030774 0.5227237088 0.008798265637 0.8146999593 -0.1084313166 0.5695868822
1403638570777829376 5.387363642 -0.0005596884017 0.4880805062 0.01612376542 0.803599133 -0.1360716376 0.5791830169
1403638570977829376 5.375683538 -0.05480472633 0.4106337598 0.04431347557 0.7836921983 -0.1819130764 0.5922588006
1403638571077829632 5.357165736 -0.09802217771 0.3660878754 0.06120644538 0.7808802835 -0.2009894985 0.5882881738
1403638571177829632 5.330590046 -0.150914761 0.3232770536 0.08262216484 0.7834808627 -0.2132337638 0.577808513
1403638571277829376 5.294075096 -0.20993032 0.2910084653 0.1028066885 0.784649878 -0.2197068238 0.5705122833
1403638571377829632 5.252566026 -0.2738604517 0.2687364396 0.1154246459 0.7839301595 -0.2250712019 0.5669864286
1403638571477829376 5.206302894 -0.3409278158 0.2561031689 0.1213307603 0.7810787271 -0.2297502751 0.5678113064
1403638571577829632 5.155895905 -0.4110562494 0.2472961794 0.1281864715 0.7786570113 -0.2339049713 0.5679348129
1403638571777829376 5.04450301 -0.5586431862 0.2158720504 0.1423997564 0.7776958925 -0.2566213944 0.5559288336
1403638571877829632 4.984443196 -0.6379186834 0.1934569689 0.1497313601 0.7746378488 -0.2742757583 0.5498086316
1403638571977829376 4.922177404 -0.7210036977 0.1734978889 0.1575220613 0.7685107731 -0.2942003173 0.5459158957
1403638572077829632 4.856968459 -0.8079241567 0.1619525056 0.1667077789 0.7615243044 -0.3133171813 0.5423297836
1403638572177829632 4.787798598 -0.8983482985 0.1597736019 0.1825171603 0.7546225845 -0.3284028849 0.5379440364
1403638572277829376 4.715515487 -0.991202877 0.162080879 0.1967128491 0.7502255644 -0.3449441163 0.5286579367
1403638572377829632 4.641324113 -1.087799396 0.1616223308 0.209891243 0.7452865534 -0.3631956088 0.518249524
1403638572477829376 4.567442452 -1.187941514 0.1582128764 0.223912128 0.7412264137 -0.3762312474 0.5088190357
1403638572577829632 4.494852412 -1.291356269 0.1531371722 0.2348377706 0.7373610109 -0.384816386 0.5030569651
1403638572677829632 4.424417777 -1.398059912 0.1496801121 0.240728696 0.7355207668 -0.3901813963 0.4988159726
1403638572777829376 4.356455819 -1.509386167 0.1536633136 0.2485463355 0.73687723 -0.3899176265 0.4931540444
1403638572877829632 4.291163365 -1.62394909 0.16614438 0.2521305014 0.7392661266 -0.3891683883 0.4883275232
1403638572977829376 4.230775606 -1.742576373 0.1829639009 0.2526990959 0.7414151252 -0.3880767655 0.4856369047
1403638573177829632 4.123028921 -1.985039467 0.2038639402 0.2501263499 0.745093078 -0.38551071 0.4833783267
1403638573377829632 4.034718375 -2.238624099 0.2167750477 0.2476136211 0.7472938833 -0.3825430135 0.4836322874
1403638573477829376 3.996331072 -2.370605592 0.2254697222 0.2506630142 0.7474046065 -0.3826128677 0.4818317143
1403638573577829632 3.966136691 -2.505324036 0.243137477 0.2523784392 0.7473147242 -0.3828679526 0.4808720799
1403638573677829632 3.940730809 -2.640823081 0.2686880213 0.2552550026 0.7476483335 -0.3834218943 0.4783873995
1403638573777829376 3.921656002 -2.780006719 0.2979036208 0.2620732424 0.7440592487 -0.3867932564 0.4775818535
1403638573877829632 3.908484623 -2.919524797 0.3263353573 0.2756248762 0.7337834629 -0.3923829478 0.481277861
1403638573977829376 3.901438416 -3.058103425 0.3489634899 0.2873135997 0.7183659233 -0.4059317587 0.486436741
1403638574077829632 3.897938169 -3.192407128 0.3640168022 0.2930380798 0.6980885212 -0.427565203 0.4939525256
1403638574177829632 3.895721622 -3.321733484 0.3725619651 0.2990429816 0.6758789499 -0.4516861867 0.4997404617
1403638574277829376 3.886816977 -3.450618554 0.3773176473 0.3083621132 0.6572602156 -0.4739520037 0.4982883847
1403638574377829632 3.870499585 -3.577085929 0.377953511 0.3207380387 0.6440103822 -0.493809707 0.4883950362
1403638574477829376 3.848088608 -3.699262308 0.376116834 0.3342717796 0.6324269312 -0.5117991945 0.4757732007
1403638574577829632 3.820772453 -3.818414708 0.3774912501 0.3447220043 0.6218045919 -0.5259193148 0.4668347282
1403638574677829632 3.790179929 -3.938304782 0.3863665507 0.3566061957 0.6154873776 -0.5329622881 0.4582122965
1403638574777829376 3.757766331 -4.05512575 0.4029203456 0.3674301442 0.6153549123 -0.535419493 0.446832617
1403638574877829632 3.724607924 -4.167618705 0.4216995457 0.3688149187 0.6174675064 -0.5397254194 0.4374996067
1403638574977829376 3.691226803 -4.278172605 0.4358035462 0.3673987481 0.6199186229 -0.5428802527 0.4312772799
1403638575177829632 3.624472588 -4.496086182 0.4463498574 0.3538238101 0.6160716855 -0.5514133925 0.4372729814
1403638575377829632 3.548474106 -4.718248702 0.4393996371 0.3471443492 0.6182286134 -0.5521492988 0.4386517231
1403638575477829376 3.50557873 -4.832170475 0.428804457 0.3452967918 0.623751233 -0.5503974367 0.434473459
1403638575577829632 3.460463192 -4.951019667 0.418796306 0.3443981305 0.6288234717 -0.5478026477 0.4311417729
1403638575677829632 3.41242603 -5.078576211 0.4157078962 0.3478147107 0.6352432072 -0.5424309963 0.4257459441
1403638575777829376 3.36469493 -5.205329273 0.4202558536 0.3488441796 0.6418164861 -0.5392880384 0.418984186
1403638575877829632 3.320096798 -5.333843419 0.4351254806 0.3487959797 0.6460543352 -0.5371058754 0.4152980124
1403638575977829376 3.280062185 -5.467527117 0.4594023429 0.3482963822 0.6464151247 -0.5363051728 0.4161897143
1403638576077829632 3.24289066 -5.605953226 0.4908126294 0.3489443663 0.6470410047 -0.5348649509 0.4165276122
1403638576177829632 3.209099317 -5.749552425 0.5274852729 0.3497437207 0.6454835847 -0.5344379693 0.4188153874
1403638576277829376 3.178296036 -5.897681503 0.5605696518 0.3537678455 0.6460300201 -0.5318615472 0.4178717737
1403638576377829632 3.151996079 -6.048665179 0.5882965707 0.3583831254 0.6475545777 -0.5288722606 0.415365786
1403638576477829376 3.130821142 -6.202437511 0.6095866444 0.3622626078 0.6501387326 -0.5263384148 0.4111609228
1403638576577829632 3.114697788 -6.361361905 0.6259217673 0.3668405276 0.654234082 -0.5233586097 0.40435326
1403638576677829632 3.106229591 -6.523331791 0.6377434281 0.3699709066 0.6557221321 -0.5211191758 0.4019761414
1403638576777829376 3.106217349 -6.688090529 0.6460818871 0.3747882367 0.6533685667 -0.5174146634 0.4061100342
1403638576877829632 3.113833686 -6.852437737 0.6493780808 0.377400751 0.648384594 -0.5156728002 0.4138208001
1403638576977829376 3.129259307 -7.014442776 0.6477492228 0.3753303455 0.6420212935 -0.5175092728 0.4232256407
1403638577077829632 3.149995111 -7.173882799 0.6455777401 0.3709941871 0.6382622115 -0.5209279945 0.4285075111
1403638577177829632 3.173955264 -7.33284053 0.6505072997 0.3681012359 0.6355003407 -0.5230605226 0.4324910251
1403638577277829376 3.200632409 -7.490532626 0.661864611 0.3684474709 0.6360502778 -0.522779854 0.4317264522
1403638577377829632 3.229906614 -7.647840997 0.6818156979 0.3751129477 0.6402598451 -0.5178205527 0.4256988165
1403638577477829376 3.26294519 -7.803268391 0.7065227982 0.3794620685 0.6427274752 -0.5145093171 0.4221256849
1403638577577829632 3.302247669 -7.955328376 0.7285175039 0.3765346316 0.6427236687 -0.5162742159 0.4225977886
1403638577777829376 3.393808443 -8.25053702 0.7535798767 0.3704017216 0.6412488995 -0.5199426138 0.4257488601
1403638577977829376 3.500078579 -8.540149096 0.7569217294 0.3708681838 0.6419966104 -0.5182494346 0.4262800325
1403638578077829632 3.559170986 -8.680118782 0.7620851954 0.3698588744 0.6411672821 -0.5182193472 0.4284362703
1403638578177829632 3.621950868 -8.820919967 0.7749037992 0.3652109905 0.6382009988 -0.5206650594 0.4338528708
1403638578277829376 3.686365969 -8.962073102 0.7939163115 0.356668422 0.6333853667 -0.5262260766 0.4412445244
1403638578377829632 3.749587516 -9.102544704 0.8123684651 0.3546010388 0.6310525502 -0.5278555962 0.4442963557
1403638578577829632 3.870161331 -9.380036345 0.8322635621 0.3547343099 0.6301413369 -0.5289312008 0.4442040631
1403638578777829376 3.982773986 -9.650427267 0.8358585772 0.3625420999 0.6325495761 -0.524346195 0.4398924043
1403638578977829376 4.095838083 -9.908516281 0.8287751727 0.370160413 0.6366769738 -0.5185472187 0.4344335182
1403638579177829632 4.219472126 -10.16442653 0.8449691493 0.3711389472 0.6374439505 -0.5166226166 0.4347667925
1403638579377829632 4.353452165 -10.40869142 0.8839357477 0.3631918677 0.6333402843 -0.5214204931 0.4416926769
1403638579477829376 4.419554745 -10.52222237 0.8978504293 0.3574694685 0.6290841205 -0.5253025179 0.4478013098
1403638579577829632 4.485885497 -10.63925122 0.9065684743 0.3561714419 0.6265925216 -0.522593151 0.4554339846
1403638579677829632 4.550236609 -10.75506095 0.9113030257 0.3581826253 0.6272128877 -0.5104433215 0.466644207
1403638579777829376 4.613655005 -10.86802409 0.9101429222 0.3564856938 0.6376915266 -0.4914096659 0.4741139181
1403638579877829632 4.676346415 -10.97619366 0.9024401068 0.3457627195 0.6577105569 -0.4701546068 0.4762558251
1403638579977829376 4.738110038 -11.07543606 0.8898857165 0.3285627662 0.6777473157 -0.4450445187 0.4843970078
1403638580077829632 4.800031306 -11.1659938 0.8749663296 0.3140119045 0.6921807373 -0.4105538223 0.5037141151
1403638580177829632 4.860959866 -11.2475124 0.8571913423 0.2939854124 0.7063537331 -0.3736397881 0.5244333035
1403638580277829376 4.920882846 -11.32103406 0.8336554329 0.2675325059 0.7232266192 -0.3388495099 0.5390274809
1403638580377829632 4.975975892 -11.38627407 0.8040263445 0.2371910152 0.739370533 -0.3125356118 0.5471682818
1403638580477829376 5.025776902 -11.44783748 0.7710498628 0.2110070636 0.7509404494 -0.2960577426 0.551284204
1403638580577829632 5.071980627 -11.50815347 0.7369001381 0.1934616158 0.7582083372 -0.2827332213 0.5547563846
1403638580677829632 5.113709591 -11.56550506 0.7026064443 0.1780876053 0.7682788606 -0.2680845353 0.5533200513
1403638580777829376 5.152843937 -11.62246568 0.6754045947 0.1677362482 0.7783799541 -0.2530839319 0.5494886
1403638580877829632 5.188933119 -11.67801359 0.6578374442 0.1630277955 0.7852906973 -0.2422453339 0.5459465696
1403638581177829632 5.286625143 -11.82727893 0.663985586 0.1585312295 0.7876999729 -0.2352913159 0.5468405606
1403638581377829632 5.344942512 -11.91327344 0.6920933861 0.1660028868 0.7865513149 -0.2361654936 0.5458991943
1403638581577829632 5.395408402 -11.97439812 0.739043371 0.1720670044 0.7838305808 -0.2400061161 0.5462596735
1403638581677829632 5.416641126 -11.9923559 0.7700995372 0.1774404609 0.7796174511 -0.2401312268 0.5504984165
1403638581877829632 5.472147485 -12.04676299 0.7977542947 0.1824500374 0.7730461505 -0.2417244072 0.5573876066
1403638581977829376 5.50117998 -12.07312452 0.8053244183 0.1863446563 0.7654899275 -0.2401939067 0.5671046881
1403638582177829632 5.552970911 -12.11637068 0.8212765549 0.1810229285 0.7747019686 -0.2451605952 0.5540431768
1403638582477829376 5.629054983 -12.15804486 0.9207623082 0.1860801918 0.7732828929 -0.241362179 0.5560144138
1403638583177829632 5.776920055 -12.11150727 1.35241057 0.1835712586 0.7829211051 -0.2469245386 0.5407073224
1403638583677829632 5.915048734 -12.01405512 1.557272733 0.184812113 0.7841597983 -0.2465523459 0.5386555804
1403638583977829376 6.018419585 -11.92255515 1.662767499 0.1858307769 0.7830017096 -0.2458268652 0.5403187924
1403638584177829632 6.092852771 -11.86145734 1.701447808 0.19278278 0.7706451579 -0.2401744796 0.5579041671
1403638584277829376 6.124251419 -11.82613233 1.698909894 0.1948816309 0.7616107487 -0.2378429581 0.5704392558
1403638584577829632 6.180759892 -11.66342705 1.692871654 0.1968196846 0.7589596084 -0.2359568186 0.5740790053
1403638584777829376 6.191381981 -11.52364516 1.699424073 0.1907990625 0.7675760852 -0.2394764545 0.5630929753
1403638584877829632 6.180205641 -11.44733482 1.692139755 0.1843131388 0.775212616 -0.2439720115 0.552767333
1403638585077829632 6.176982476 -11.28733767 1.703278721 0.1819872325 0.7800294287 -0.2464900549 0.5455981951
1403638585277829376 6.171037902 -11.13175373 1.684690182 0.1805340902 0.7779945505 -0.2472371493 0.5486398761
1403638585477829376 6.165204916 -10.97721172 1.663673945 0.1807927928 0.7761703409 -0.2466053787 0.5514157734
1403638585677829632 6.165456802 -10.81927188 1.663666276 0.179730712 0.7805646334 -0.2466059092 0.5455284134
1403638585777829376 6.16030102 -10.73956739 1.676634473 0.176471753 0.7855527449 -0.2485861511 0.53848819
1403638585877829632 6.162422686 -10.66059579 1.700273861 0.1739039642 0.7893784635 -0.2504691165 0.5328266832
1403638586077829632 6.182307808 -10.5080986 1.76433301 0.1740294299 0.7851593024 -0.2517979512 0.5383645783
1403638586277829376 6.205885992 -10.3565563 1.812545401 0.1781213903 0.7797141489 -0.2501662992 0.5456513897
1403638586477829376 6.225286825 -10.20072351 1.838389855 0.191988287 0.7748797213 -0.2415814938 0.5516704605
1403638586677829632 6.241820544 -10.0365323 1.840109588 0.1913345235 0.7749736603 -0.2425333915 0.5513478757
1403638586877829632 6.256992141 -9.86684265 1.818630853 0.1849795382 0.7735046187 -0.246096036 0.5539945093
1403638587077829632 6.26883708 -9.688930495 1.780404286 0.1844337927 0.7730280601 -0.2463269328 0.55473853
1403638587277829376 6.277687585 -9.507947269 1.75587019 0.183181283 0.7759177937 -0.2463794487 0.5510838069
1403638587477829376 6.286844754 -9.318114777 1.756811168 0.1807716893 0.777585488 -0.2484951637 0.5485732028
1403638587677829632 6.299343529 -9.128511635 1.747501948 0.1797856771 0.7772251677 -0.2500090618 0.5487199814
1403638587877829632 6.312288909 -8.941335937 1.719142036 0.1788903658 0.7764773071 -0.2512825977 0.5494891125
1403638588077829632 6.322051165 -8.762963309 1.67150686 0.1796749047 0.7756510397 -0.2505715619 0.5507234202
1403638588277829376 6.32815632 -8.584717751 1.615858068 0.1889924423 0.7772779907 -0.2436617103 0.548406558
1403638588477829376 6.33834738 -8.393877978 1.581370684 0.1878700992 0.7775967179 -0.2439454916 0.5482141619
1403638588677829632 6.345252323 -8.19268545 1.581141269 0.1830673491 0.7761242912 -0.2468917228 0.5506014053
1403638588877829632 6.348508015 -7.988938417 1.596552336 0.1790000112 0.7741061221 -0.2505492334 0.5531218576
1403638589077829632 6.348605764 -7.782893232 1.58544966 0.1797257239 0.7742776456 -0.2511292786 0.552382908
1403638589277829376 6.345681981 -7.579206532 1.553625526 0.1810002947 0.7730551359 -0.250553161 0.5539384115
1403638589477829376 6.338231718 -7.374028793 1.521064879 0.1808261378 0.7737455122 -0.2509575835 0.5528472497
1403638589677829632 6.330304774 -7.170672858 1.514185336 0.1797252449 0.7743659853 -0.2513793093 0.5521454519
1403638589877829632 6.315813782 -6.966184154 1.531464613 0.1800820474 0.7764933482 -0.2527283223 0.548413103
1403638590077829632 6.298793539 -6.762842206 1.531658199 0.1800470581 0.7764815613 -0.2539528792 0.5478753297
1403638590277829376 6.28212429 -6.567451434 1.513730755 0.1802600804 0.7747230659 -0.2548113612 0.5498923938
1403638590477829376 6.263223767 -6.377213172 1.478830081 0.1804294403 0.7756772901 -0.2554443383 0.5481953563
1403638590677829632 6.242039767 -6.190730736 1.450981178 0.1773794968 0.7785047196 -0.2570510718 0.544418646
1403638590877829632 6.221311625 -6.00804283 1.454304355 0.1767193696 0.7801860308 -0.2574029445 0.5420551133
1403638591077829632 6.20264081 -5.819601184 1.481633713 0.1740884468 0.7816459643 -0.2597057038 0.5396996818
1403638591177829632 6.191824596 -5.728826579 1.489708351 0.1731950335 0.7858383843 -0.2608211079 0.5333234138
1403638591277829376 6.184070313 -5.644626621 1.491435844 0.1706826703 0.7917070692 -0.2629550033 0.5243300572
1403638591377829632 6.181312394 -5.56326898 1.488658527 0.167421247 0.7959982302 -0.2654805739 0.5175683612
1403638591477829376 6.184460032 -5.487478053 1.481216924 0.1647459427 0.7987328277 -0.2675892174 0.513108814
1403638591577829632 6.193163941 -5.419995143 1.467783644 0.1619964644 0.8014675428 -0.2698726393 0.5085033746
1403638591877829632 6.263378911 -5.280080952 1.420594359 0.1630410237 0.7977008736 -0.2689929448 0.5145228242
1403638592077829632 6.337264534 -5.231002521 1.413908452 0.1639263169 0.792572651 -0.267066697 0.52309859
1403638592177829632 6.381711896 -5.220260401 1.423980018 0.1617480331 0.7897862497 -0.2651025938 0.5289573407
1403638592277829376 6.428975456 -5.20923319 1.447433245 0.1566282112 0.7842850315 -0.2597903938 0.5411779228
1403638592377829632 6.476137101 -5.198779133 1.477676358 0.1475932872 0.7816756731 -0.2509174165 0.5515793812
1403638592477829376 6.521402897 -5.190961522 1.515053627 0.1358153942 0.784129222 -0.2370268758 0.5572376531
1403638592577829632 6.562631534 -5.187104395 1.558377598 0.1280180342 0.7914508845 -0.2227569277 0.5546135875
1403638592677829632 6.601546537 -5.186894901 1.608082826 0.1214734978 0.7988720229 -0.2114395917 0.5498554169
1403638592777829376 6.639281954 -5.190647755 1.656927173 0.1163460559 0.8059154318 -0.203795607 0.543535889
1403638592977829376 6.720875127 -5.207550692 1.737094717 0.111552162 0.8134391623 -0.1954790768 0.5363401671
1403638593177829632 6.816189681 -5.24184181 1.802938016 0.1105954183 0.8124885535 -0.1932358622 0.5387865119
1403638593277829376 6.868930633 -5.266115347 1.84298174 0.1173559878 0.8091596747 -0.1894871573 0.5436752801
1403638593377829632 6.924078866 -5.292539297 1.887920225 0.1263264053 0.805752224 -0.1843812979 0.5484601443
1403638593477829376 6.980013389 -5.318538423 1.931054186 0.1345132051 0.8011294376 -0.1804457643 0.5545603196
1403638593577829632 7.037161043 -5.34180581 1.967070349 0.1390987463 0.7982792495 -0.1791584224 0.5579462683
1403638593777829376 7.152492107 -5.377886615 2.019342196 0.143030348 0.7937559125 -0.1791134088 0.5633935194
1403638593877829632 7.209146127 -5.389376394 2.044944842 0.1387321602 0.7833134751 -0.1792094433 0.578841397
1403638593977829376 7.260613161 -5.39658141 2.073955747 0.132125931 0.7799236851 -0.1760813022 0.5858815228
1403638594077829632 7.305652297 -5.400363466 2.106265486 0.1238464861 0.7855090172 -0.1740245843 0.580821036
1403638594277829376 7.377310294 -5.398744193 2.175982086 0.1221392992 0.7940123353 -0.1646459071 0.5722919957
1403638594477829376 7.434649399 -5.387354657 2.24320472 0.1283357984 0.791695238 -0.1543173635 0.5770049603
1403638594677829632 7.47332545 -5.358131757 2.331303394 0.1171297435 0.7925401595 -0.1594475546 0.5768337682
1403638595177829632 7.528395012 -5.257151217 2.483344068 0.1136026074 0.796778482 -0.1668038096 0.5695743914
1403638595877829632 7.530591322 -5.087127595 2.517687395 0.1224674878 0.7993815732 -0.1625956799 0.5652905975
1403638596177829632 7.519872269 -4.993849293 2.470108248 0.1437468743 0.801251825 -0.1484774223 0.5615040553
1403638596377829632 7.513967058 -4.902964133 2.45182631 0.1648450338 0.8031384846 -0.132261182 0.5570472773
1403638596677829632 7.53371616 -4.680978695 2.487497339 0.1847906763 0.8038525692 -0.1160369708 0.5533614319
1403638596877829632 7.573498118 -4.457965975 2.549380671 0.1923070612 0.803327778 -0.1097991052 0.5528350855
1403638596977829376 7.599951917 -4.324219462 2.58613677 0.1940407841 0.8020641917 -0.1089711489 0.5542260326
1403638597077829632 7.629695178 -4.174658655 2.617500439 0.1968065803 0.8011691514 -0.1078956528 0.5547555217
1403638597177829632 7.662673826 -4.009668112 2.642596382 0.1990829057 0.79932588 -0.1076180435 0.5566529358
1403638597277829376 7.700878356 -3.828403662 2.660575971 0.1966037892 0.7966750937 -0.110581737 0.5607382853
1403638597377829632 7.741367343 -3.630488367 2.675166763 0.1918545771 0.7949546169 -0.115563561 0.5638120625
1403638597477829376 7.78241083 -3.419040419 2.684570996 0.1831876201 0.7917219894 -0.1226071708 0.5697245554
1403638597577829632 7.822706776 -3.195388782 2.688749243 0.1704151093 0.7871308498 -0.1321179015 0.5778655344
1403638597677829632 7.860293727 -2.963076553 2.688632752 0.1660120942 0.7848105283 -0.1361713231 0.5813516921
1403638597777829376 7.894419486 -2.724062703 2.683109007 0.1702015286 0.7865699351 -0.1310656496 0.5789308874
1403638597877829632 7.926739187 -2.476749947 2.673078045 0.174406475 0.7891576762 -0.1197101123 0.5766125498
1403638597977829376 7.957253632 -2.219565541 2.660257924 0.1755428704 0.7907943927 -0.1105275015 0.5758581428
1403638598077829632 7.989196562 -1.950729859 2.651862477 0.1687092043 0.7910219585 -0.1079752719 0.5780681674
1403638598177829632 8.018945119 -1.670542819 2.649891375 0.147079207 0.7926039007 -0.1171514599 0.5800192229
1403638598277829376 8.04620004 -1.384300114 2.652051376 0.1296332325 0.7945888983 -0.1255684287 0.5797036118
1403638598377829632 8.072766604 -1.097511801 2.651657394 0.1187261511 0.7964637699 -0.1308432204 0.5782988984
1403638598477829376 8.097291991 -0.8122125367 2.645296222 0.1145134831 0.7988159411 -0.1326098197 0.5754949089
1403638598577829632 8.119397527 -0.5275991464 2.632410731 0.1096040126 0.8008586461 -0.1306039544 0.5740688081
1403638598677829632 8.138676101 -0.2457054983 2.613450186 0.1052291136 0.8032146663 -0.1219949264 0.5734895565
1403638598777829376 8.155928209 0.03313343498 2.595679819 0.09676062854 0.805449483 -0.1110752647 0.5740651502
1403638598877829632 8.170945971 0.3091365635 2.584260022 0.08746085103 0.806522111 -0.09656172246 0.5766701984
1403638598977829376 8.183063211 0.5821542949 2.57494603 0.07748216197 0.8090583274 -0.08009577769 0.5770665506
1403638599077829632 8.194623023 0.8532305025 2.570459018 0.06533674939 0.8105366924 -0.06334175135 0.5785751481
1403638599177829632 8.20309225 1.122624456 2.572573844 0.05326452 0.8119102059 -0.04558611328 0.5795572575
1403638599277829376 8.209442969 1.390296537 2.578909538 0.04224743594 0.8139180407 -0.02646859507 0.5788367565
1403638599377829632 8.212702005 1.657283844 2.593012393 0.02974074334 0.8171497202 -0.009083874638 0.5755860546
1403638599477829376 8.213942098 1.923275834 2.612335981 0.02068570352 0.8192840108 0.004323952408 0.5729983549
1403638599577829632 8.215569641 2.188449182 2.629392252 0.0152639014 0.8215837922 0.01286236969 0.5697382251
1403638599677829632 8.21686549 2.451977213 2.638094306 0.01170374905 0.8230465923 0.01749636138 0.567583656
1403638599777829376 8.219239252 2.714377055 2.63883938 0.01051405219 0.8231614643 0.01856242027 0.5674064636
1403638599877829632 8.224454728 2.973849612 2.632884502 0.008627966175 0.8244776627 0.0161426493 0.565598406
1403638599977829376 8.232239312 3.231939379 2.622599914 0.004899019278 0.8247022484 0.01055208796 0.5654474817
1403638600077829632 8.244269443 3.486422355 2.608137447 -0.001479192739 0.8258750604 0.002781434033 0.5638443581
1403638600177829632 8.259729637 3.736338092 2.589524229 -0.0134928851 0.8276353466 -0.008977595421 0.561032154
1403638600277829376 8.276249033 3.978560728 2.566358491 -0.02339724708 0.8297690297 -0.01964153361 0.5572702543
1403638600377829632 8.297274843 4.210334953 2.543660155 -0.03094351071 0.8312151295 -0.02823365768 0.5543706055
1403638600477829376 8.322829822 4.429008342 2.526158729 -0.03710561433 0.8324074351 -0.03470551284 0.5518301938
1403638600577829632 8.35326062 4.631152217 2.519115671 -0.03504925257 0.8329924803 -0.03531558038 0.5510425459
1403638600677829632 8.386993374 4.819399045 2.519372117 -0.03786757363 0.8344860722 -0.03829172341 0.5483910886
1403638600777829376 8.427864369 4.991682257 2.526671169 -0.03757019523 0.8382303886 -0.03808475242 0.5426857726
1403638600877829632 8.47453476 5.148661857 2.538858778 -0.02665792918 0.8420289275 -0.02920240459 0.5379812818
1403638600977829376 8.526472597 5.292920302 2.549086684 -0.009985134017 0.8441186562 -0.01560751372 0.5358361661
1403638601077829632 8.586661171 5.430761075 2.55416589 -0.0008803922455 0.8445201066 -0.007540723634 0.535470029
1403638601177829632 8.65436116 5.565781265 2.553988302 0.007028893619 0.8431417067 -0.001106054858 0.5376443375
1403638601277829376 8.72887485 5.698274148 2.550970534 0.0163959883 0.8367314027 0.006445707291 0.5473300505
1403638601377829632 8.808480494 5.833130806 2.546053258 0.01362909261 0.8316689529 0.01032100215 0.5550085382
1403638601477829376 8.892390878 5.971545089 2.546792506 0.0005850304638 0.8272578287 0.01496331149 0.5616228644
1403638601577829632 8.977005864 6.109138414 2.554233541 -0.01024888203 0.8224421893 0.02926299488 0.5680030659
1403638601677829632 9.062066904 6.246190837 2.566877857 -0.02146251366 0.8198225654 0.04938104846 0.5700805503
1403638601777829376 9.145644108 6.382645627 2.586846173 -0.03409057762 0.8168880216 0.07488268944 0.5708978678
1403638601877829632 9.225677565 6.521556479 2.61420271 -0.04795731749 0.8118090428 0.1039567027 0.5725898861
1403638601977829376 9.302480736 6.662129886 2.642252633 -0.06275917508 0.8086041667 0.1273754661 0.5709606626
1403638602077829632 9.376014721 6.803677155 2.664747377 -0.0742136566 0.8069100795 0.1443184621 0.567944221
1403638602177829632 9.446726416 6.945872527 2.682061175 -0.08009770588 0.8021738778 0.1599505691 0.569664149
1403638602277829376 9.514246128 7.091300862 2.693534598 -0.08765909459 0.7951429433 0.1773626081 0.5732417362
1403638602377829632 9.576406839 7.240335429 2.704767071 -0.1101219393 0.7840836129 0.1898324167 0.580559816
1403638602477829376 9.630367388 7.389333208 2.727252331 -0.1450353657 0.7620917673 0.1961309356 0.5997612334
1403638602577829632 9.673962202 7.532034619 2.756817152 -0.180260355 0.7404963077 0.2009693884 0.61545327
1403638602677829632 9.702116529 7.660710698 2.790948387 -0.2009051367 0.7302262181 0.2143055957 0.6168305344
1403638602777829376 9.711669665 7.771162689 2.829973072 -0.2118510928 0.7258483965 0.2339115049 0.6111862463
1403638602877829632 9.702531972 7.855823562 2.879746195 -0.222862855 0.7224529155 0.2534786005 0.6034422357
1403638602977829376 9.684522985 7.945441134 2.919944447 -0.2423673214 0.7226192639 0.2687797979 0.5889286044
1403638603077829632 9.656759373 8.013775833 2.96273803 -0.2610478573 0.7176783055 0.2833711112 0.5800798905
1403638603177829632 9.625165194 8.073374894 2.995875502 -0.2731201876 0.7103940111 0.2976111247 0.5763448018
1403638603277829376 9.579931597 8.105430691 3.022399455 -0.2712265557 0.7177887684 0.3146715287 0.5587461574
1403638603377829632 9.533094001 8.133646728 3.037186723 -0.2642584446 0.7305728704 0.3289542118 0.5368611386
1403638603477829376 9.485885795 8.155791235 3.047384234 -0.2605980421 0.7390153811 0.3359802102 0.5225535621
1403638603677829632 9.392201244 8.191571192 3.059040835 -0.2638922947 0.7291775221 0.3425316791 0.5304083774
1403638603777829376 9.341758554 8.200360815 3.055394346 -0.2575306929 0.7205398774 0.3487180993 0.5411985906
1403638603977829376 9.229207167 8.210563717 3.027580603 -0.2458721609 0.7060757781 0.356471981 0.5602959957
1403638604177829632 9.082444922 8.207530716 2.986646489 -0.2388359428 0.7019547041 0.3601063083 0.5661629028
1403638604277829376 8.991504384 8.202138515 2.976693304 -0.2451549265 0.7059711917 0.3563159496 0.5608410493
1403638604377829632 8.890499842 8.191130602 2.972578944 -0.2505533284 0.713668153 0.3532207767 0.5505777692
1403638604477829376 8.783766024 8.175437665 2.975218687 -0.248391385 0.7215297433 0.3548503936 0.5401645559
1403638604577829632 8.67338932 8.158308682 2.98314974 -0.2463761264 0.7261914952 0.3561414175 0.5339550612
1403638604677829632 8.561379149 8.139784875 2.986208669 -0.2490131474 0.7294414581 0.3545786527 0.5293218214
1403638604777829376 8.450180827 8.118299319 2.983479341 -0.253122135 0.731439025 0.3519233803 0.5263801591
1403638604877829632 8.337432212 8.096660791 2.982527939 -0.2541530537 0.7346553643 0.3512886257 0.5218084155
1403638604977829376 8.227315234 8.070850584 2.98472072 -0.2516724282 0.7406598937 0.3530604077 0.5132565238
1403638605077829632 8.118695997 8.044585035 2.994527592 -0.249043237 0.7471041528 0.3550095104 0.503766909
1403638605177829632 8.01247318 8.02100716 3.011216739 -0.2464192512 0.7510986046 0.3569444227 0.4977138916
1403638605377829632 7.817440697 7.990582518 3.045589677 -0.2363649647 0.7472773185 0.3638327615 0.5033228928
1403638605477829376 7.723332035 7.981400422 3.053572469 -0.2291375456 0.7372119181 0.3693059525 0.5173274461
1403638605577829632 7.62985757 7.978417478 3.056620496 -0.2236154539 0.7288588359 0.3735172302 0.5284371343
1403638605777829376 7.430888651 7.979736803 3.058551832 -0.2175623523 0.7221690475 0.3778928004 0.5369688269
1403638605977829376 7.205936503 8.005608187 3.088359128 -0.2107273552 0.7213955819 0.3814294955 0.5382322325
1403638606177829632 6.957720688 8.05598845 3.113984236 -0.2046656445 0.7213486697 0.3837030823 0.5390176392
1403638606277829376 6.820932248 8.088917451 3.113783216 -0.2025756496 0.7225580605 0.3840963486 0.5379060794
1403638606377829632 6.679001181 8.127650507 3.106685191 -0.2081241963 0.7310803318 0.3793450983 0.5275444661
1403638606477829376 6.529476742 8.172641409 3.09346644 -0.2162442921 0.7413052244 0.3727569733 0.5145456338
1403638606577829632 6.383160199 8.221662845 3.074563505 -0.2231486955 0.7498856333 0.3681302572 0.5023507843
1403638606677829632 6.238748639 8.2785912 3.051134563 -0.2286047686 0.7530207382 0.3702291081 0.4935889333
1403638606777829376 6.09849508 8.340548838 3.024221056 -0.2334521444 0.7528937433 0.3794104593 0.4844572333
1403638606877829632 5.96613406 8.411039602 2.993361521 -0.242070985 0.7491875425 0.3920746996 0.4758120368
1403638606977829376 5.837745051 8.486951024 2.970243737 -0.2530415128 0.7418798984 0.4075456702 0.4684983841
1403638607077829632 5.721792881 8.576072251 2.954413594 -0.2670560089 0.7330987397 0.4219007947 0.4617867965
1403638607177829632 5.611884977 8.669280913 2.946705003 -0.283502811 0.7233627765 0.4288824718 0.4609037591
1403638607277829376 5.510089426 8.76864956 2.938989453 -0.2972992242 0.7098292503 0.4331893513 0.4691509273
1403638607377829632 5.41263154 8.867039704 2.922414862 -0.3100402828 0.7013756595 0.4332051324 0.4735826439
1403638607477829376 5.313762847 8.962504492 2.9003588 -0.3158736693 0.6982684335 0.4343709411 0.4732514187
1403638607577829632 5.222739767 9.059840753 2.870317754 -0.3178359494 0.6972233489 0.435719567 0.4722376202
1403638607677829632 5.139905131 9.154595585 2.834611026 -0.3194504756 0.6955340415 0.4357087625 0.4736471947
1403638607877829632 4.9766429 9.337589481 2.760684211 -0.3190004584 0.6963493939 0.4340269303 0.4742961659
1403638607977829376 4.905284643 9.425957394 2.712039716 -0.3211034889 0.7008133762 0.4306671684 0.4693388447
1403638608177829632 4.772724108 9.593368362 2.613580825 -0.3180192078 0.6965525486 0.4284997794 0.4796522382
1403638608377829632 4.659246073 9.74979747 2.480874868 -0.3170215966 0.6862183048 0.4265799543 0.4966198627
1403638608577829632 4.547971715 9.883656509 2.351175863 -0.315324826 0.6876530179 0.4268662569 0.495468243
1403638608677829632 4.493004649 9.944915664 2.280272561 -0.320834066 0.6849105179 0.422951217 0.4990744961
1403638608877829632 4.382172958 10.04402852 2.154864893 -0.3200470756 0.6884672225 0.4240061448 0.4937626373
1403638608977829376 4.326578219 10.0838366 2.101162711 -0.3191301086 0.6925282047 0.4249382873 0.4878402519
1403638609077829632 4.277756438 10.12015574 2.055525566 -0.3185504225 0.695244281 0.425474843 0.4838720658
1403638609277829376 4.172790172 10.18718776 1.978372978 -0.3283672544 0.6958636517 0.4183233022 0.4826534361
1403638609477829376 4.097224147 10.22812432 1.875366508 -0.3235459218 0.6961447561 0.4209635325 0.4832082568
1403638609677829632 4.02417317 10.26028928 1.74989525 -0.3180421776 0.6951530843 0.4244402571 0.485244094
1403638609877829632 3.963428332 10.2835205 1.625352002 -0.3173425524 0.6954720507 0.4248929764 0.4848487287
1403638610277829376 3.870231487 10.28894926 1.455172755 -0.3252324123 0.688428212 0.4186583834 0.4949905381
1403638610777829376 3.769251335 10.17750076 1.184129176 -0.3310855069 0.6815034991 0.4147182011 0.5039287464
1403638610877829632 3.757599575 10.13189212 1.129797411 -0.3272972474 0.6878484654 0.4185800124 0.4945015407
1403638611277829376 3.672417956 9.911320149 0.9593860074 -0.3318743778 0.6840309452 0.4181708052 0.4970857482
1403638611477829376 3.634189207 9.765550593 0.8777849041 -0.3132055105 0.6773932807 0.4304966053 0.5076547293
1403638611577829632 3.609426907 9.685087497 0.8461027063 -0.3042895987 0.6769864285 0.4356644155 0.5092089285
1403638611777829376 3.549861956 9.522696029 0.7983564221 -0.3082459578 0.6851998199 0.4317786479 0.4990519367
1403638611877829632 3.5150637 9.440570503 0.7679271214 -0.3133959407 0.6908539852 0.4273537446 0.4918053807
1403638612077829632 3.450426509 9.276024742 0.6988324188 -0.3154869327 0.6961925966 0.4244703076 0.4853955312
1403638612277829376 3.394526151 9.111120248 0.6547429558 -0.3174044934 0.6974503789 0.422204518 0.4843146721
1403638612577829632 3.327470075 8.85826045 0.605498194 -0.3122103749 0.693652754 0.4225781059 0.4927456575
1403638612777829376 3.283988512 8.687004843 0.5419868693 -0.3034972042 0.6908345123 0.4248155885 0.500168811
1403638613077829632 3.20037509 8.426282701 0.4548744774 -0.3051758901 0.6931317822 0.4192637168 0.5006535174
1403638613277829376 3.133329595 8.24891307 0.4321437209 -0.3038733744 0.6960158394 0.4191865712 0.4974992886
1403638613577829632 3.025382246 7.98400212 0.4182453664 -0.3029986624 0.696333008 0.4142549394 0.5017021006
1403638613777829376 2.948577902 7.80521367 0.379511742 -0.3106901889 0.6957521751 0.3998542398 0.5094282131
1403638613877829632 2.909494426 7.707793478 0.3493882912 -0.3076612852 0.6979236095 0.3918032922 0.5145263348
1403638613977829376 2.871238033 7.609128758 0.3155458839 -0.2999440168 0.7039838625 0.3819069955 0.5182541412
1403638614177829632 2.787775329 7.394326161 0.2385842659 -0.2732715138 0.7223220567 0.3571256005 0.5253901709
1403638614277829376 2.74415067 7.282677635 0.205194444 -0.2622509201 0.731239278 0.3435830496 0.5276971301
1403638614377829632 2.698871651 7.171848726 0.1773012322 -0.2536083259 0.7379532007 0.3340734596 0.528680257
1403638614577829632 2.606328637 6.949977293 0.1493501893 -0.2462113742 0.7472012391 0.3167387541 0.5298554795
1403638614677829632 2.564063326 6.841004627 0.1485628413 -0.2431233845 0.7524525683 0.3047045159 0.530906122
1403638614777829376 2.525862891 6.734075658 0.1594751387 -0.2412162944 0.7624240812 0.2880950018 0.5268068808
1403638614977829376 2.460265791 6.514841945 0.205667959 -0.2203838761 0.7829376416 0.2513573934 0.5246513675
1403638615077829632 2.438588269 6.402436464 0.2365015173 -0.2022666271 0.7903768051 0.2305743595 0.5303095155
1403638615177829632 2.42188011 6.285291301 0.2711298745 -0.1808151781 0.7938510668 0.2084341212 0.5419055013
1403638615277829376 2.408651462 6.166866317 0.3101211793 -0.1557277181 0.7962421985 0.1869848376 0.5538807721
1403638615377829632 2.395692157 6.046391921 0.3443825685 -0.1343741166 0.7999060706 0.161569304 0.5621291978
1403638615477829376 2.382444939 5.924503881 0.3719069155 -0.1141255364 0.8029669447 0.1356722179 0.5690452504
1403638615577829632 2.368429503 5.802230582 0.392374366 -0.09707310341 0.8062770131 0.1113507671 0.5727959475
1403638615677829632 2.353804754 5.682757502 0.4103782067 -0.0838221287 0.8083814376 0.09403665942 0.5750220942
1403638615777829376 2.338075113 5.565940995 0.4335898364 -0.07608904478 0.8096836384 0.08155313118 0.5761700701
1403638615877829632 2.321417849 5.449921624 0.4637037182 -0.07089678019 0.8109362682 0.0697737542 0.5766174111
1403638615977829376 2.303882261 5.332761921 0.4917733977 -0.0637469474 0.8125038689 0.0579064482 0.5765593058
1403638616077829632 2.285441635 5.214651598 0.5128613438 -0.05489053252 0.8131228924 0.04569147781 0.577694106
1403638616177829632 2.265992661 5.096666233 0.522458189 -0.04512512468 0.8143330163 0.0316223554 0.5777763307
1403638616277829376 2.24628378 4.976681063 0.5155461475 -0.03453869247 0.8153372628 0.01347396957 0.5777981297
1403638616377829632 2.225532525 4.85429036 0.4938242886 -0.02135445759 0.8160252497 -0.005772205975 0.5775928156
1403638616477829376 2.204102824 4.731775417 0.464088338 -0.01085709217 0.8165203772 -0.02364332012 0.5767300846
1403638616577829632 2.182946808 4.610807603 0.4304578871 -0.001530361661 0.8181879365 -0.03613661373 0.5738120805
1403638616677829632 2.161159491 4.489671889 0.3938251913 0.004260502404 0.8228123648 -0.04579473218 0.5664490295
1403638616777829376 2.141583342 4.370527778 0.3523328607 0.001242333262 0.8312320543 -0.0561063184 0.5530857163
1403638616877829632 2.128413692 4.250077313 0.3106010929 -0.002632648686 0.8369562103 -0.06291274951 0.5436353162
1403638616977829376 2.121001136 4.12354453 0.2772312581 0.00257529687 0.8351771162 -0.0605468619 0.5466320792
1403638617077829632 2.120205144 3.9924656 0.2532205489 0.00816645244 0.8315463953 -0.05550663844 0.5526146167
1403638617177829632 2.123202577 3.858847111 0.2372641661 0.01409803719 0.8287046346 -0.04856723987 0.5573967144
1403638617277829376 2.130494006 3.72525116 0.2267555072 0.01566172462 0.831103312 -0.04384918132 0.5541653585
1403638617377829632 2.142806151 3.593785161 0.2226482507 0.01526211964 0.8351698222 -0.04095521714 0.5482527757
1403638617477829376 2.160330695 3.46498365 0.226876399 0.01494333271 0.8379539442 -0.03772693003 0.5442302481
1403638617677829632 2.2141455 3.218574747 0.2609324522 0.01595724142 0.8373671163 -0.03087235969 0.5455351285
1403638617777829376 2.250779349 3.099808622 0.2900554787 0.0161782191 0.8357670893 -0.02814807687 0.5481234564
1403638617877829632 2.292875631 2.985012139 0.3255481765 0.01723853306 0.8358102482 -0.02478860071 0.5481875475
1403638617977829376 2.340358128 2.873714188 0.3651427444 0.01523488011 0.8348092689 -0.02431710173 0.5497909253
1403638618177829632 2.447838907 2.662491869 0.4287400804 0.01217874848 0.8346530605 -0.02301612096 0.5501601629
1403638618377829632 2.570533613 2.463084651 0.4700308329 0.01247058692 0.8339790335 -0.02044954182 0.5512760401
1403638618577829632 2.70751518 2.274345434 0.4992670303 0.01338248912 0.8331409095 -0.01834376987 0.5525944624
1403638618677829632 2.782676649 2.183234918 0.5119496197 0.01726494696 0.8330391532 -0.02138530053 0.5525308677
1403638618777829376 2.861152615 2.095826015 0.5281608244 0.01981643016 0.8323609211 -0.02453933614 0.5533357272
1403638618877829632 2.942739479 2.012163566 0.5501222137 0.02286520884 0.8306156445 -0.02783734689 0.5556796878
1403638618977829376 3.027035379 1.930615824 0.5741702345 0.02885919441 0.8264935214 -0.03671433394 0.5610059391
1403638619077829632 3.112928281 1.85044983 0.5908047604 0.04076000925 0.8228945568 -0.05032219426 0.5644916711
1403638619177829632 3.198395818 1.773548132 0.5997857091 0.05434638236 0.8193014163 -0.06916401665 0.5665756779
1403638619277829376 3.284999219 1.700124436 0.601771259 0.06836154382 0.8153447668 -0.09324372742 0.5673140382
1403638619377829632 3.370469514 1.628505057 0.5947402138 0.08454721683 0.8108177163 -0.1177118467 0.5670717064
1403638619477829376 3.455489905 1.559997821 0.5835294165 0.09508827345 0.8065030694 -0.1388804291 0.5667656004
1403638619577829632 3.540885877 1.495061284 0.5710756475 0.101621912 0.8028059414 -0.1545922139 0.5668128922
1403638619677829632 3.625263559 1.432191524 0.5549550306 0.09789987541 0.7992573779 -0.1710155145 0.5677648739
1403638619877829632 3.78410734 1.305762782 0.5149890332 0.09396270925 0.7946431134 -0.1889985595 0.569203721
1403638620077829632 3.924704208 1.168274118 0.471096378 0.0974393531 0.7912115527 -0.1942516946 0.5716258659
1403638620277829376 4.040000788 1.019520218 0.4484194466 0.10477633 0.7887138676 -0.1919752845 0.5745414223
1403638620577829632 4.167332918 0.7886754088 0.4595523614 0.1081897744 0.792587739 -0.1861809458 0.5704702482
1403638620877829632 4.260058768 0.5514349325 0.4438664805 0.104969538 0.8016382629 -0.1819379793 0.5596928293
1403638621077829632 4.314026136 0.3883762724 0.4179239345 0.1132058649 0.8007014646 -0.1708919816 0.5629009926
1403638621277829376 4.366164893 0.2302919826 0.4051860406 0.1121728987 0.798346105 -0.1664288627 0.5677694701
1403638621577829632 4.438319292 0.01340986451 0.3958840723 0.1144816619 0.7952769434 -0.1592895484 0.5736334825
1403638621877829632 4.486127435 -0.1688690406 0.3447601172 0.1169886689 0.7892682629 -0.155207004 0.5824775072
1403638622277829376 4.489200668 -0.3496578035 0.2370541586 0.1100727537 0.7866179365 -0.1600202011 0.5860970449
1403638622477829376 4.459281397 -0.4171377494 0.2105509473 0.1143920345 0.7884317648 -0.1589864248 0.5831064494
1403638622677829632 4.409617938 -0.469658317 0.2134584724 0.1218503505 0.7841733956 -0.1560040567 0.5881218513
1403638622777829376 4.377803902 -0.488786598 0.2316670728 0.1247092603 0.7730287746 -0.154584481 0.6024763499
1403638623077829632 4.246188261 -0.5222136038 0.2779479491 0.1212637808 0.7785020898 -0.1601393741 0.594630114
1403638623277829376 4.110107936 -0.5096033013 0.2965513384 0.113130949 0.7857795316 -0.1663224732 0.5848835363
1403638623477829376 3.962373273 -0.4984159931 0.2898059649 0.1114756798 0.7900543323 -0.1679497365 0.5789475026
1403638623777829376 3.718913725 -0.4792023404 0.3037032391 0.1164259007 0.7917217302 -0.1664911245 0.5761097266
1403638623977829376 3.536408333 -0.459448763 0.3367422886 0.1193605001 0.793993989 -0.1670941318 0.5721941694
1403638624277829376 3.251825278 -0.4194522189 0.3509996486 0.1132189203 0.7938404582 -0.174974658 0.5712991091
1403638624577829632 2.962722652 -0.3824536633 0.3274376757 0.1096252745 0.784844019 -0.1817353587 0.5822151016
1403638624777829376 2.759413163 -0.3596154772 0.3042935092 0.116095883 0.7866072347 -0.1695344797 0.5822618522
1403638624877829632 2.65870042 -0.3488728047 0.3038502664 0.1173824962 0.7928222881 -0.1611934522 0.575908708
1403638625077829632 2.444902028 -0.3179756303 0.3141710539 0.1024767784 0.79707219 -0.1581822459 0.5737184073
1403638625277829376 2.231500419 -0.2901492853 0.3128327216 0.09404245595 0.7988746748 -0.1567877451 0.5730382827
1403638625577829632 1.910604453 -0.259452194 0.3178194514 0.092512459 0.799085972 -0.1546602074 0.573570636
1403638625777829376 1.693341474 -0.2441150861 0.348939428 0.09144167411 0.8052235183 -0.1557084263 0.5648082788
1403638625977829376 1.477850963 -0.2316059818 0.3702184566 0.09273503991 0.8082598538 -0.1562321457 0.5600961861
1403638626177829632 1.277592053 -0.2292385558 0.372295292 0.09144775449 0.8099197874 -0.1584328034 0.5572847504
1403638626377829632 1.082932968 -0.2386307232 0.3464896897 0.1023349848 0.8065833471 -0.1517423778 0.5620721536
1403638626677829632 0.8117827609 -0.2440237402 0.3009072278 0.1041989432 0.8095859502 -0.1490350286 0.5581234
1403638626777829376 0.7259566811 -0.2414735029 0.2905284972 0.1015554549 0.8134760478 -0.1507139883 0.5524748889
1403638626977829376 0.5703462909 -0.2458037964 0.2903251888 0.1003428692 0.817063758 -0.1506795004 0.5473881732
1403638627477829376 0.2924269456 -0.2560230587 0.2528119511 0.1024808264 0.816967264 -0.1466891802 0.5482193486
1403638627877829632 0.1517510136 -0.2676986597 0.1923244379 0.1085585474 0.8103541045 -0.1446827248 0.557322327
1403638628177829632 0.08621790211 -0.2582620833 0.1591489496 0.1110067215 0.8140185696 -0.1456081149 0.5512255011
1403638628577829632 0.05432901661 -0.2211021448 0.1232942939 0.0959308869 0.8048483962 -0.1581522441 0.5639186038
1403638628977829376 0.03896931334 -0.1918187429 0.1018361394 0.1017800836 0.8032994465 -0.1558710978 0.5657340494
1403638629177829632 0.01185778571 -0.1916631023 0.08574706428 0.1088514034 0.8056193978 -0.1503717036 0.5625985324
1403638629377829632 -0.005542127822 -0.1807901724 0.08149403843 0.1103445866 0.8089694078 -0.1496608668 0.5576685346
1403638629477829376 -0.00504935816 -0.174638045 0.08175804946 0.1089261037 0.8134407923 -0.1513795698 0.5509386601
1403638629577829632 -0.001411490448 -0.1688724853 0.0840931364 0.1053501843 0.8164618714 -0.1541580386 0.546375924
1403638629677829632 0.004478791087 -0.1631644056 0.08749246116 0.09438759406 0.8143306141 -0.1624573966 0.5491486386
1403638629777829376 0.01121706695 -0.1585178936 0.09124130203 0.08772553386 0.8086838527 -0.1677556699 0.5569494522
1403638629877829632 0.01847230502 -0.1574373995 0.09146375436 0.08619956524 0.8022645667 -0.1694005921 0.5659016164
1403638629977829376 0.02416147078 -0.1601377217 0.0835699224 0.09725329538 0.7967499065 -0.1625941424 0.5738419015
1403638630177829632 0.02914328906 -0.1696745696 0.04484699572 0.1105372179 0.7959566099 -0.1530282131 0.5751669016
1403638630277829376 0.02567256639 -0.1697157268 0.00994423602 0.1114069227 0.8005024897 -0.1523493839 0.5688355886
1403638630377829632 0.02690595781 -0.1671875651 -0.01598154917 0.1074316164 0.8198967261 -0.1533363367 0.5410321378
1403638630477829376 0.03826040883 -0.1661905539 -0.004865951018 0.1069762813 0.801903297 -0.1516915975 0.5678880495
1403638630577829632 0.04806531349 -0.1652525027 -0.00643066195 0.1065991302 0.8011900371 -0.1528145642 0.5686641002
1403638630677829632 0.05597967346 -0.1658300191 -0.02633155232 0.1038588962 0.8201763336 -0.1498007932 0.5422949693
1403638630777829376 0.05579028182 -0.1717820644 -0.03193715565 0.1064979093 0.8270190603 -0.1439981217 0.5328810469
